49.0127, 8.42691
49.01272, 8.42696
49.01272, 8.42697
49.01331, 8.42851
49.01341, 8.42875
49.01347, 8.42891
49.01353, 8.42908
49.01354, 8.42928
49.01364, 8.42962
49.01378, 8.43017
49.01388, 8.43055
49.01391, 8.43065
49.01394, 8.43075
49.01401, 8.43103
49.01434, 8.43226
49.01448, 8.43281
49.01463, 8.43322
49.01478, 8.43377
49.01486, 8.43402
49.01493, 8.43422
49.01502, 8.43444
49.0151, 8.43465
49.0152, 8.43492
49.01523, 8.43504
49.01531, 8.43528
49.01561, 8.43601
49.01561, 8.43601
49.01534, 8.43625
49.01515, 8.43638
49.01485, 8.43662
49.01475, 8.43667
49.01435, 8.43693
49.01428, 8.43698
49.01392, 8.43719
49.01379, 8.43727
49.01356, 8.4374
49.01324, 8.43757
49.01301, 8.43769
49.01275, 8.43782
49.01223, 8.43809
49.01191, 8.43829
49.01163, 8.43846
49.01159, 8.4385
49.01155, 8.43852
49.01133, 8.43874
49.01101, 8.43909
49.01086, 8.43926
49.01065, 8.43958
49.01042, 8.43998
49.01028, 8.4403
49.01026, 8.44034
49.01015, 8.44058
49.01001, 8.44099
49.00991, 8.4412
49.00976, 8.44144
49.00966, 8.44159
49.00961, 8.44165
49.00956, 8.44171
49.0095, 8.44177
49.00942, 8.44184
49.00929, 8.44193
49.0091, 8.44205
49.00895, 8.44212
49.00881, 8.44216
49.00869, 8.44218
49.00854, 8.44219
49.00812, 8.4421
49.00796, 8.44204
49.00784, 8.44195
49.0076, 8.44173
49.00745, 8.44154
49.00731, 8.44133
49.00695, 8.44067
49.00658, 8.43997
49.00654, 8.43989
49.00648, 8.4398
49.00625, 8.43939
49.00588, 8.43869
49.00523, 8.43745
49.00523, 8.43745
49.00513, 8.43727
49.00511, 8.43744
49.00497, 8.43809
49.00477, 8.43918
49.00454, 8.44029
49.00447, 8.44067
49.00434, 8.44129
49.0042, 8.44201
49.00415, 8.44228
49.00413, 8.4424
49.00404, 8.44293
49.00397, 8.44336
49.00393, 8.44359
49.00387, 8.44397
49.00368, 8.44497
49.00366, 8.4451
49.00364, 8.44516
49.0036, 8.4454
49.00351, 8.44597
49.00326, 8.44745
49.00305, 8.4487
49.00296, 8.44925
49.00286, 8.44982
49.00278, 8.45028
49.0027, 8.45075
49.00264, 8.45112
49.00252, 8.45181
49.00252, 8.45181
49.0024, 8.45193
49.00236, 8.45194
49.00233, 8.45195
49.00229, 8.45195
49.00227, 8.45194
49.00224, 8.45193
49.00221, 8.45191
49.00218, 8.45188
49.00214, 8.45183
49.0021, 8.45172
49.00204, 8.45154
49.00191, 8.45053
49.00192, 8.45029
49.00192, 8.45021
49.00193, 8.45014
49.00196, 8.45006
49.00199, 8.44999
49.00202, 8.44995
49.00206, 8.44991
49.00211, 8.44988
49.00215, 8.44987
49.0022, 8.44987
49.00225, 8.44989
49.0023, 8.44994
49.00239, 8.44999
49.00263, 8.45036
49.00298, 8.45092
49.00336, 8.45151
49.00355, 8.45179
49.00393, 8.4524
49.00452, 8.45331
49.00493, 8.45395
49.00535, 8.45458
49.00578, 8.45522
49.00602, 8.45553
49.00612, 8.45567
49.0062, 8.45578
49.00623, 8.4558
49.00626, 8.45581
49.00633, 8.45582
49.00662, 8.45624
49.00697, 8.45671
49.00764, 8.4576
49.008, 8.45807
49.00835, 8.4585
49.00879, 8.45903
49.0091, 8.45942
49.00933, 8.45968
49.00962, 8.46003
49.01014, 8.46061
49.01085, 8.4614
49.01118, 8.46174
49.01219, 8.46279
49.01419, 8.46489
49.01436, 8.46506
49.01463, 8.46535
49.01503, 8.46576
49.01543, 8.46619
49.01621, 8.46701
49.01718, 8.46802
49.01779, 8.46866
49.01823, 8.46911
49.01874, 8.46965
49.01904, 8.46996
49.01937, 8.4703
49.01969, 8.47064
49.01978, 8.47073
49.02115, 8.47217
49.02343, 8.47456
49.02376, 8.47491
49.02429, 8.47546
49.02484, 8.47603
49.02537, 8.47657
49.02598, 8.47718
49.0265, 8.47768
49.02684, 8.478
49.02721, 8.47834
49.02751, 8.47861
49.02788, 8.47894
49.02835, 8.47934
49.02896, 8.47984
49.02984, 8.48056
49.03106, 8.48146
49.03187, 8.48202
49.03282, 8.48266
49.03446, 8.48375
49.03626, 8.48494
49.03815, 8.48621
49.03832, 8.48633
49.0401, 8.48751
49.04023, 8.48759
49.04034, 8.48766
49.04191, 8.48871
49.04217, 8.48888
49.04311, 8.48952
49.04404, 8.49014
49.0447, 8.49058
49.04521, 8.49092
49.04595, 8.49143
49.0464, 8.49172
49.04691, 8.49208
49.04746, 8.49246
49.04908, 8.49361
49.0518, 8.49561
49.05267, 8.49624
49.05632, 8.49885
49.05853, 8.50043
49.06129, 8.5024
49.06218, 8.50303
49.06396, 8.50431
49.06705, 8.50651
49.06759, 8.5069
49.06821, 8.50735
49.06944, 8.50822
49.06949, 8.50826
49.07144, 8.50966
49.07173, 8.50988
49.07189, 8.51
49.07202, 8.5101
49.07217, 8.51022
49.07231, 8.51034
49.0726, 8.51058
49.07282, 8.51077
49.07292, 8.51087
49.07336, 8.51129
49.07342, 8.51134
49.07349, 8.51142
49.07362, 8.51154
49.07398, 8.51191
49.07425, 8.5122
49.07451, 8.5125
49.07477, 8.5128
49.0749, 8.51295
49.07527, 8.51342
49.07666, 8.51518
49.08054, 8.52011
49.08102, 8.52072
49.08141, 8.52122
49.08254, 8.52265
49.0837, 8.52413
49.0842, 8.52476
49.08482, 8.52554
49.0852, 8.52601
49.08545, 8.52631
49.08609, 8.52706
49.08692, 8.528
49.08726, 8.52836
49.08778, 8.52892
49.08805, 8.5292
49.08844, 8.5296
49.08871, 8.52988
49.08912, 8.53028
49.08953, 8.53066
49.0898, 8.53092
49.09022, 8.5313
49.09063, 8.53167
49.09091, 8.53191
49.09133, 8.53228
49.09189, 8.53275
49.09218, 8.53298
49.09247, 8.53322
49.09275, 8.53344
49.09978, 8.53902
49.10087, 8.53989
49.10182, 8.54064
49.1023, 8.54102
49.10273, 8.54137
49.10471, 8.54294
49.10498, 8.54315
49.10685, 8.54464
49.10771, 8.54532
49.11123, 8.54812
49.11227, 8.54894
49.1128, 8.54932
49.11307, 8.5495
49.1132, 8.54958
49.11359, 8.54982
49.11389, 8.55
49.11432, 8.55024
49.11472, 8.55044
49.11487, 8.55051
49.11511, 8.55062
49.11556, 8.55082
49.11591, 8.55096
49.11629, 8.55109
49.11648, 8.55115
49.11674, 8.55123
49.117, 8.55131
49.11744, 8.55143
49.11767, 8.55148
49.11787, 8.55152
49.11804, 8.55155
49.1183, 8.55159
49.11845, 8.55162
49.1187, 8.55165
49.1189, 8.55168
49.11917, 8.55171
49.11941, 8.55172
49.11962, 8.55174
49.11977, 8.55174
49.12006, 8.55175
49.12034, 8.55175
49.12045, 8.55175
49.12051, 8.55175
49.12081, 8.55174
49.12124, 8.55171
49.12143, 8.55169
49.12167, 8.55167
49.12194, 8.55163
49.12538, 8.55121
49.12597, 8.55113
49.12669, 8.55105
49.12698, 8.55101
49.12713, 8.551
49.12758, 8.55097
49.12788, 8.55096
49.12816, 8.55095
49.1286, 8.55095
49.12887, 8.55095
49.12933, 8.55097
49.12949, 8.55098
49.13022, 8.55105
49.1311, 8.55118
49.13184, 8.55133
49.13219, 8.55141
49.13285, 8.55159
49.1332, 8.5517
49.13334, 8.55174
49.13344, 8.55178
49.13353, 8.55182
49.13422, 8.55206
49.13467, 8.55225
49.13507, 8.55242
49.13579, 8.55277
49.13634, 8.55305
49.13675, 8.55329
49.13703, 8.55346
49.13709, 8.55349
49.13719, 8.55355
49.13753, 8.55376
49.13771, 8.55387
49.138, 8.55406
49.13836, 8.55427
49.13864, 8.55444
49.13885, 8.55457
49.13956, 8.555
49.14042, 8.55553
49.14055, 8.55561
49.14068, 8.55569
49.14126, 8.55605
49.14215, 8.55658
49.14244, 8.55675
49.14272, 8.55693
49.14289, 8.55704
49.14365, 8.5575
49.14441, 8.55797
49.14491, 8.55827
49.14686, 8.55947
49.14815, 8.56027
49.15144, 8.5624
49.15245, 8.56305
49.15378, 8.56391
49.15413, 8.56415
49.15579, 8.56522
49.15627, 8.56553
49.15684, 8.5659
49.158, 8.56666
49.15842, 8.56693
49.15954, 8.56765
49.15981, 8.56783
49.16003, 8.56797
49.16063, 8.56835
49.16152, 8.5689
49.16257, 8.56953
49.16332, 8.56995
49.16358, 8.5701
49.16394, 8.57031
49.16459, 8.57066
49.16498, 8.57089
49.16635, 8.57164
49.16679, 8.57188
49.16745, 8.57224
49.16862, 8.57287
49.1691, 8.57315
49.16966, 8.57345
49.17014, 8.57371
49.17086, 8.5741
49.17153, 8.57448
49.17226, 8.57488
49.17287, 8.5752
49.17365, 8.57563
49.17455, 8.57612
49.1755, 8.57664
49.1759, 8.57686
49.17714, 8.57755
49.17923, 8.57873
49.17929, 8.57876
49.17937, 8.57881
49.17944, 8.57886
49.17945, 8.57886
49.17965, 8.57898
49.18032, 8.5794
49.18109, 8.57989
49.18278, 8.58099
49.18344, 8.58144
49.18488, 8.58243
49.18591, 8.58312
49.1865, 8.58352
49.18695, 8.58384
49.19455, 8.58901
49.19466, 8.58909
49.19478, 8.58917
49.19675, 8.59051
49.19758, 8.59107
49.19777, 8.59119
49.19959, 8.59244
49.20073, 8.59323
49.20121, 8.59356
49.20217, 8.59421
49.20308, 8.59482
49.20507, 8.5961
49.20563, 8.59646
49.20711, 8.59743
49.20782, 8.59789
49.20975, 8.59915
49.20996, 8.59927
49.21016, 8.59939
49.21085, 8.59985
49.21451, 8.6022
49.21527, 8.60264
49.21567, 8.60283
49.21628, 8.6031
49.21666, 8.60326
49.2173, 8.60347
49.21764, 8.60358
49.2182, 8.60374
49.21883, 8.60388
49.21927, 8.60395
49.21977, 8.60402
49.22009, 8.60405
49.22057, 8.60408
49.22156, 8.60409
49.22192, 8.60406
49.2222, 8.60404
49.2224, 8.60402
49.22334, 8.6039
49.22369, 8.60385
49.22454, 8.60374
49.22551, 8.60362
49.22628, 8.60352
49.22677, 8.60345
49.22755, 8.60334
49.22774, 8.60331
49.22935, 8.6031
49.23101, 8.60287
49.23195, 8.60274
49.23675, 8.60211
49.2399, 8.60169
49.2436, 8.60119
49.24597, 8.60087
49.24657, 8.60078
49.24782, 8.60062
49.24868, 8.6005
49.24948, 8.60043
49.25005, 8.60042
49.25052, 8.60042
49.25126, 8.60047
49.25197, 8.60057
49.25232, 8.60063
49.25306, 8.60079
49.25366, 8.60096
49.25478, 8.60138
49.25519, 8.60156
49.25582, 8.60185
49.25634, 8.60214
49.25663, 8.6023
49.25718, 8.60264
49.25787, 8.60313
49.2583, 8.60345
49.25864, 8.60372
49.25916, 8.60415
49.25957, 8.6045
49.26047, 8.60525
49.26077, 8.6055
49.26107, 8.60576
49.26523, 8.6092
49.26541, 8.60936
49.2656, 8.60951
49.26677, 8.61048
49.26701, 8.61067
49.26724, 8.61087
49.26782, 8.61133
49.26841, 8.61181
49.2696, 8.61278
49.27005, 8.61314
49.27054, 8.61354
49.27107, 8.61396
49.27148, 8.6143
49.27205, 8.61477
49.27222, 8.61492
49.27431, 8.61657
49.27505, 8.6171
49.27505, 8.6171
49.27519, 8.61728
49.27532, 8.61741
49.27643, 8.61822
49.2765, 8.61827
49.27696, 8.61864
49.27724, 8.61887
49.27757, 8.61913
49.2778, 8.61934
49.2781, 8.61962
49.27835, 8.61988
49.27851, 8.62008
49.27864, 8.62027
49.27871, 8.62039
49.27876, 8.62047
49.27882, 8.62059
49.27892, 8.6208
49.279, 8.621
49.2791, 8.62126
49.27917, 8.62157
49.27924, 8.62195
49.27927, 8.62218
49.27928, 8.62238
49.27929, 8.62269
49.27928, 8.62295
49.27926, 8.62327
49.2792, 8.62364
49.27914, 8.62396
49.27906, 8.62435
49.27896, 8.62476
49.27876, 8.62546
49.27866, 8.62583
49.27843, 8.62655
49.27842, 8.6266
49.27832, 8.62694
49.27831, 8.62698
49.2783, 8.62703
49.27829, 8.62729
49.2782, 8.62754
49.27818, 8.6276
49.27815, 8.62768
49.27803, 8.62802
49.27764, 8.62918
49.27753, 8.62952
49.27732, 8.63014
49.27705, 8.63098
49.2767, 8.6321
49.27643, 8.63298
49.27601, 8.63435
49.27556, 8.63595
49.27533, 8.63678
49.27502, 8.63793
49.27461, 8.63951
49.27421, 8.64115
49.27389, 8.64256
49.2738, 8.64299
49.27359, 8.64394
49.27345, 8.64465
49.27322, 8.64581
49.27304, 8.64675
49.27288, 8.64768
49.27277, 8.64838
49.27267, 8.64906
49.27252, 8.65004
49.27237, 8.65127
49.27229, 8.65195
49.27219, 8.65285
49.27218, 8.65295
49.27216, 8.65309
49.27215, 8.65323
49.27207, 8.65413
49.27201, 8.65483
49.27194, 8.65581
49.27188, 8.65678
49.27184, 8.6575
49.27179, 8.65824
49.27179, 8.65859
49.27177, 8.65892
49.27174, 8.66042
49.27174, 8.66163
49.27175, 8.66259
49.27176, 8.66333
49.27181, 8.66479
49.27183, 8.66511
49.27185, 8.66542
49.27187, 8.6657
49.27191, 8.66631
49.27193, 8.6667
49.27196, 8.66709
49.27202, 8.66789
49.2721, 8.66884
49.2722, 8.66983
49.27223, 8.67018
49.27228, 8.67067
49.27232, 8.67106
49.27236, 8.67136
49.27241, 8.67176
49.27249, 8.67233
49.27255, 8.67279
49.27266, 8.67356
49.27277, 8.67435
49.27288, 8.67508
49.27312, 8.67644
49.27337, 8.67783
49.27365, 8.67927
49.27381, 8.67998
49.27409, 8.68149
49.27422, 8.6821
49.27432, 8.68272
49.27443, 8.6833
49.27451, 8.68377
49.27456, 8.68407
49.27456, 8.68408
49.2746, 8.68432
49.2747, 8.68497
49.27482, 8.68578
49.27489, 8.68631
49.27492, 8.68645
49.27495, 8.68669
49.27505, 8.68754
49.27516, 8.68841
49.27526, 8.68936
49.27536, 8.69026
49.27545, 8.69114
49.27551, 8.69174
49.27558, 8.69247
49.27563, 8.69295
49.27568, 8.69346
49.27569, 8.69362
49.27572, 8.6939
49.27575, 8.69418
49.27585, 8.69513
49.27596, 8.69609
49.27604, 8.69678
49.27613, 8.69753
49.2763, 8.69867
49.27644, 8.69956
49.27649, 8.69987
49.27657, 8.70031
49.27665, 8.70077
49.27674, 8.70126
49.27689, 8.70194
49.277, 8.70244
49.27712, 8.70293
49.27728, 8.70358
49.2774, 8.70403
49.27745, 8.70424
49.27756, 8.70464
49.27771, 8.70517
49.27784, 8.70561
49.27801, 8.70614
49.27827, 8.70696
49.2787, 8.70825
49.27902, 8.70921
49.27923, 8.70984
49.27946, 8.71057
49.27961, 8.71106
49.27978, 8.71167
49.27991, 8.71216
49.27996, 8.71235
49.28008, 8.71284
49.28017, 8.71321
49.28027, 8.71372
49.28037, 8.71426
49.28045, 8.71474
49.28049, 8.71506
49.28053, 8.7154
49.28059, 8.71597
49.28062, 8.71622
49.28065, 8.71674
49.28069, 8.71732
49.28069, 8.71766
49.2807, 8.71783
49.2807, 8.718
49.2807, 8.71816
49.2807, 8.71833
49.2807, 8.7185
49.2807, 8.71866
49.28069, 8.71883
49.28069, 8.719
49.28068, 8.7192
49.28067, 8.71941
49.28066, 8.71962
49.28065, 8.71983
49.28064, 8.72004
49.28062, 8.72024
49.28061, 8.72045
49.28059, 8.72066
49.28058, 8.72078
49.28057, 8.7209
49.28055, 8.72103
49.28054, 8.72115
49.28052, 8.72127
49.28051, 8.72139
49.28049, 8.72151
49.28048, 8.72163
49.28045, 8.7218
49.28043, 8.72197
49.2804, 8.72213
49.28038, 8.7223
49.28035, 8.72247
49.28032, 8.72263
49.28029, 8.7228
49.28026, 8.72296
49.28008, 8.72381
49.28001, 8.72404
49.27995, 8.72428
49.27985, 8.72464
49.27973, 8.72509
49.27959, 8.72552
49.27951, 8.72575
49.27937, 8.72619
49.27905, 8.72701
49.27845, 8.72844
49.27837, 8.72865
49.27818, 8.72906
49.27804, 8.7294
49.27794, 8.72965
49.27783, 8.72992
49.27773, 8.73014
49.27767, 8.73031
49.27758, 8.73054
49.27746, 8.73087
49.27733, 8.73121
49.27702, 8.73213
49.27663, 8.73348
49.27632, 8.73471
49.27601, 8.73604
49.27587, 8.73672
49.27569, 8.73756
49.27544, 8.73891
49.27528, 8.73977
49.27517, 8.74048
49.27507, 8.74122
49.27498, 8.74195
49.27492, 8.7427
49.2749, 8.74294
49.27488, 8.7433
49.27486, 8.74422
49.27486, 8.74481
49.27487, 8.7452
49.27488, 8.74559
49.2749, 8.74608
49.27494, 8.7466
49.27497, 8.74696
49.27502, 8.74738
49.27509, 8.74794
49.27518, 8.74858
49.27525, 8.74907
49.27534, 8.74967
49.27543, 8.75027
49.27557, 8.75118
49.27564, 8.75172
49.27571, 8.75231
49.27576, 8.75282
49.27578, 8.75318
49.27581, 8.75368
49.27583, 8.75409
49.27584, 8.7544
49.27584, 8.75489
49.27584, 8.75559
49.27579, 8.75645
49.27572, 8.75736
49.27561, 8.75832
49.27558, 8.75856
49.27554, 8.7588
49.2754, 8.75955
49.27523, 8.76034
49.27502, 8.76122
49.2749, 8.76165
49.27474, 8.76216
49.27445, 8.76304
49.27376, 8.76491
49.27363, 8.76523
49.27352, 8.76549
49.27296, 8.76686
49.27279, 8.76729
49.27244, 8.76814
49.27226, 8.76857
49.27181, 8.7697
49.27158, 8.77027
49.27119, 8.77133
49.27112, 8.77152
49.27105, 8.77172
49.27066, 8.7728
49.27041, 8.77353
49.27019, 8.7742
49.27002, 8.77473
49.26986, 8.77524
49.26966, 8.7759
49.26953, 8.77633
49.26938, 8.77686
49.26924, 8.77734
49.26909, 8.77789
49.26882, 8.77895
49.26874, 8.77925
49.26854, 8.78006
49.2684, 8.78062
49.26821, 8.78147
49.26804, 8.78222
49.2679, 8.78287
49.26776, 8.78357
49.26755, 8.78465
49.26751, 8.78482
49.26748, 8.78499
49.26742, 8.78543
49.26729, 8.78616
49.26718, 8.78687
49.26706, 8.7876
49.26694, 8.78833
49.26685, 8.78895
49.2667, 8.78991
49.26655, 8.79085
49.26643, 8.79156
49.2663, 8.79227
49.26621, 8.79276
49.26611, 8.79323
49.26602, 8.79369
49.26595, 8.79399
49.26584, 8.79448
49.26575, 8.79488
49.26565, 8.79525
49.26555, 8.79562
49.26538, 8.79627
49.26517, 8.79699
49.26499, 8.79753
49.26474, 8.79827
49.26455, 8.7988
49.2644, 8.79921
49.26425, 8.7996
49.26392, 8.80043
49.26355, 8.8013
49.26318, 8.80217
49.26304, 8.8025
49.26284, 8.80296
49.26265, 8.80341
49.26222, 8.80445
49.26211, 8.80474
49.26174, 8.80571
49.26165, 8.80596
49.26155, 8.80622
49.26139, 8.8067
49.26116, 8.8074
49.26101, 8.80786
49.26089, 8.80829
49.26069, 8.80896
49.26051, 8.80963
49.26018, 8.811
49.2601, 8.81134
49.26001, 8.81169
49.25978, 8.81275
49.25967, 8.81334
49.25958, 8.81373
49.2594, 8.81463
49.25918, 8.81579
49.25908, 8.81632
49.25899, 8.81684
49.25883, 8.81778
49.25868, 8.81869
49.25849, 8.8199
49.25832, 8.82108
49.25825, 8.82161
49.25815, 8.82232
49.25806, 8.82304
49.25798, 8.82371
49.25792, 8.82425
49.25786, 8.82475
49.25772, 8.82592
49.25768, 8.82629
49.25764, 8.82666
49.25756, 8.82741
49.25749, 8.82812
49.25743, 8.82864
49.25735, 8.82932
49.25726, 8.83007
49.25719, 8.83057
49.25713, 8.83106
49.25703, 8.83174
49.25691, 8.83248
49.2568, 8.83316
49.25671, 8.83365
49.25661, 8.83418
49.25652, 8.83461
49.25642, 8.83503
49.25631, 8.83552
49.25624, 8.83582
49.25615, 8.83615
49.25602, 8.83663
49.25592, 8.837
49.25581, 8.83739
49.25569, 8.83776
49.25561, 8.83805
49.25549, 8.83842
49.25536, 8.83883
49.25519, 8.83933
49.25496, 8.83998
49.2548, 8.84043
49.25458, 8.84103
49.25424, 8.84195
49.25376, 8.84323
49.25329, 8.8445
49.25314, 8.84491
49.25164, 8.84895
49.25134, 8.84978
49.25118, 8.85019
49.25086, 8.85106
49.25053, 8.85193
49.25015, 8.85297
49.24983, 8.85381
49.24975, 8.85404
49.2496, 8.85444
49.24935, 8.85512
49.24911, 8.85575
49.24887, 8.8564
49.24876, 8.8567
49.24867, 8.85693
49.24847, 8.85746
49.24832, 8.85787
49.24816, 8.85829
49.2477, 8.85954
49.24738, 8.86042
49.24707, 8.86129
49.24663, 8.86257
49.24635, 8.86343
49.24622, 8.86388
49.24608, 8.86433
49.2459, 8.86496
49.24582, 8.86523
49.24574, 8.86549
49.24555, 8.86622
49.24546, 8.86659
49.24535, 8.86703
49.24523, 8.86752
49.24513, 8.86798
49.24499, 8.86862
49.24487, 8.86918
49.24475, 8.86978
49.24455, 8.87084
49.24438, 8.87189
49.24416, 8.87321
49.24399, 8.87438
49.24382, 8.87551
49.24371, 8.87626
49.24361, 8.87694
49.2435, 8.87763
49.2434, 8.87826
49.24329, 8.87893
49.24311, 8.88
49.24294, 8.88097
49.2428, 8.88164
49.24265, 8.88238
49.24249, 8.88312
49.24226, 8.88409
49.24203, 8.88497
49.24185, 8.88565
49.24162, 8.88646
49.24145, 8.88704
49.24126, 8.88766
49.24096, 8.88853
49.24096, 8.88855
49.24078, 8.88908
49.24069, 8.88931
49.24045, 8.88998
49.24011, 8.89088
49.23997, 8.89123
49.23969, 8.89189
49.23929, 8.89282
49.23893, 8.89362
49.23873, 8.89403
49.23873, 8.89404
49.23858, 8.89433
49.23853, 8.89446
49.23843, 8.89465
49.23831, 8.89487
49.238, 8.89548
49.23755, 8.8963
49.23701, 8.89723
49.23646, 8.89813
49.23601, 8.89883
49.23566, 8.89935
49.23533, 8.89983
49.23506, 8.9002
49.2346, 8.90081
49.23393, 8.90167
49.23313, 8.90261
49.23301, 8.90275
49.233, 8.90276
49.2329, 8.90288
49.2325, 8.90332
49.23202, 8.90385
49.23157, 8.90434
49.23145, 8.90446
49.23134, 8.90459
49.23104, 8.90492
49.23064, 8.90538
49.23018, 8.90596
49.22982, 8.90647
49.22948, 8.907
49.22917, 8.90753
49.22898, 8.90789
49.22877, 8.90833
49.22867, 8.90856
49.22843, 8.90908
49.22827, 8.9095
49.22796, 8.91039
49.22779, 8.91097
49.22767, 8.91142
49.22752, 8.91203
49.22737, 8.91281
49.22724, 8.91365
49.22718, 8.91419
49.22714, 8.91455
49.22713, 8.91466
49.2271, 8.91512
49.22708, 8.91537
49.22707, 8.91567
49.22706, 8.91594
49.22706, 8.91629
49.22705, 8.9169
49.22705, 8.91703
49.22706, 8.91769
49.22706, 8.9178
49.22706, 8.91824
49.22706, 8.91928
49.22706, 8.91934
49.22706, 8.91942
49.22706, 8.91948
49.22706, 8.91957
49.22706, 8.91967
49.22705, 8.9205
49.22703, 8.92116
49.22701, 8.92172
49.22699, 8.92223
49.22697, 8.9226
49.22694, 8.92285
49.2269, 8.92345
49.22685, 8.9239
49.22675, 8.92466
49.22671, 8.92493
49.22666, 8.92518
49.22661, 8.92549
49.22653, 8.92593
49.22636, 8.92685
49.22624, 8.92745
49.22615, 8.92799
49.22611, 8.92822
49.22604, 8.92867
49.22598, 8.92913
49.22593, 8.92966
49.22589, 8.93019
49.22587, 8.93066
49.22587, 8.93093
49.22587, 8.9315
49.22588, 8.93171
49.22588, 8.93195
49.2259, 8.93215
49.22593, 8.93253
49.22596, 8.93287
49.22598, 8.93303
49.226, 8.93324
49.22606, 8.9336
49.22609, 8.93383
49.22614, 8.93411
49.22621, 8.93451
49.22632, 8.93508
49.22639, 8.93546
49.2265, 8.93604
49.22657, 8.93653
49.22661, 8.93684
49.22664, 8.93713
49.22668, 8.93765
49.22671, 8.93805
49.22672, 8.93838
49.22672, 8.93888
49.22671, 8.93926
49.22669, 8.93978
49.22666, 8.94018
49.22665, 8.94026
49.22664, 8.94036
49.22662, 8.94056
49.2266, 8.94073
49.22655, 8.94111
49.22647, 8.94164
49.22636, 8.9422
49.22626, 8.94269
49.22613, 8.94322
49.22593, 8.94395
49.22569, 8.94481
49.22542, 8.94568
49.22514, 8.94662
49.22469, 8.94814
49.22455, 8.94867
49.22443, 8.9491
49.22432, 8.94953
49.22413, 8.95025
49.22403, 8.95064
49.22389, 8.95122
49.22372, 8.95198
49.2236, 8.9526
49.22346, 8.95327
49.22338, 8.95371
49.22324, 8.95445
49.22316, 8.95494
49.22307, 8.95551
49.22298, 8.95609
49.22287, 8.95691
49.22282, 8.95724
49.22279, 8.95755
49.22273, 8.95808
49.22264, 8.9589
49.22259, 8.95944
49.22252, 8.96027
49.22249, 8.96074
49.22245, 8.96128
49.22242, 8.96184
49.22237, 8.9629
49.22235, 8.96318
49.22235, 8.9633
49.22234, 8.96357
49.22225, 8.96692
49.22215, 8.96955
49.22214, 8.96971
49.2221, 8.97062
49.22205, 8.97139
49.22201, 8.97211
49.22195, 8.97284
49.22188, 8.97375
49.22183, 8.97425
49.22178, 8.9748
49.22172, 8.9753
49.22167, 8.97578
49.22161, 8.97628
49.22152, 8.97702
49.22144, 8.97757
49.22138, 8.97798
49.22127, 8.97874
49.22124, 8.97896
49.22124, 8.97898
49.22118, 8.97935
49.2208, 8.98166
49.22061, 8.98273
49.22042, 8.98385
49.22028, 8.98467
49.22014, 8.98544
49.21993, 8.98665
49.21974, 8.98773
49.21958, 8.9887
49.21944, 8.98947
49.21932, 8.99015
49.21918, 8.99095
49.21914, 8.99119
49.2191, 8.99142
49.21906, 8.99172
49.21886, 8.99284
49.21865, 8.99405
49.21844, 8.99522
49.21823, 8.9964
49.21779, 8.99896
49.21758, 9.00019
49.21706, 9.00316
49.21702, 9.00338
49.21702, 9.00339
49.21697, 9.00365
49.21676, 9.00484
49.21654, 9.00612
49.21634, 9.00728
49.21614, 9.00842
49.21601, 9.00918
49.21585, 9.01012
49.2157, 9.01103
49.21561, 9.01151
49.21542, 9.01268
49.21524, 9.01381
49.21508, 9.01481
49.21487, 9.01625
49.21484, 9.01645
49.21481, 9.01666
49.21451, 9.01895
49.21434, 9.02029
49.21416, 9.022
49.21405, 9.02301
49.21393, 9.02425
49.21379, 9.02592
49.21365, 9.02785
49.21362, 9.0283
49.21359, 9.02873
49.21353, 9.03016
49.21349, 9.03105
49.21346, 9.03238
49.21345, 9.03372
49.21346, 9.03475
49.21347, 9.03546
49.21349, 9.03628
49.21352, 9.03714
49.21356, 9.03787
49.21362, 9.03885
49.21368, 9.03976
49.21378, 9.04103
49.21384, 9.04175
49.21393, 9.04262
49.21411, 9.04421
49.2143, 9.04569
49.21432, 9.0458
49.21433, 9.04591
49.21472, 9.04899
49.21484, 9.05
49.21488, 9.05043
49.21492, 9.05085
49.21496, 9.05125
49.21499, 9.05161
49.21502, 9.0521
49.21505, 9.0526
49.21509, 9.05364
49.21511, 9.05419
49.21511, 9.05451
49.21512, 9.05514
49.21511, 9.05589
49.2151, 9.05633
49.21509, 9.05656
49.21508, 9.05679
49.21503, 9.05779
49.21496, 9.05881
49.21486, 9.05987
49.21469, 9.06128
49.21456, 9.06214
49.21448, 9.06266
49.21429, 9.06367
49.21415, 9.06432
49.21402, 9.06493
49.2138, 9.06586
49.21369, 9.06629
49.21343, 9.06721
49.21341, 9.06729
49.21339, 9.06738
49.21321, 9.06796
49.21303, 9.0685
49.21285, 9.06904
49.21262, 9.06969
49.21234, 9.07045
49.21215, 9.07092
49.21205, 9.07115
49.21178, 9.07181
49.21146, 9.0725
49.21091, 9.0736
49.21062, 9.07413
49.2105, 9.07435
49.21037, 9.07457
49.21015, 9.07497
49.20985, 9.07549
49.20913, 9.07664
49.20858, 9.07747
49.20808, 9.07816
49.20748, 9.07897
49.2057, 9.08131
49.20499, 9.08224
49.20469, 9.08263
49.20454, 9.08283
49.20439, 9.08303
49.20403, 9.08352
49.2036, 9.08411
49.20317, 9.08472
49.20273, 9.08537
49.20237, 9.08594
49.20205, 9.08645
49.20172, 9.08699
49.20128, 9.08774
49.20077, 9.08866
49.20036, 9.08944
49.19997, 9.09021
49.19964, 9.09089
49.19949, 9.09123
49.19933, 9.09157
49.1988, 9.0928
49.19852, 9.09346
49.19819, 9.0943
49.19778, 9.09538
49.1974, 9.09643
49.19708, 9.09731
49.19663, 9.09863
49.19627, 9.09969
49.19597, 9.10057
49.19568, 9.10146
49.19539, 9.10232
49.19509, 9.1032
49.19496, 9.10357
49.19478, 9.10408
49.19449, 9.10492
49.1944, 9.10515
49.1941, 9.10599
49.19395, 9.10641
49.19354, 9.10749
49.19346, 9.10769
49.19325, 9.10821
49.19279, 9.10936
49.19245, 9.11017
49.19237, 9.11034
49.19211, 9.11097
49.19156, 9.11221
49.1912, 9.11301
49.19082, 9.11383
49.19036, 9.11482
49.18998, 9.11565
49.18974, 9.11616
49.18963, 9.11639
49.18953, 9.11662
49.1893, 9.11713
49.18907, 9.11764
49.18882, 9.11822
49.18859, 9.11878
49.18833, 9.11941
49.18797, 9.12037
49.18785, 9.1207
49.1876, 9.12145
49.18737, 9.12222
49.18714, 9.12305
49.18694, 9.1239
49.18675, 9.12477
49.18661, 9.12548
49.18649, 9.12622
49.18635, 9.12719
49.18627, 9.12793
49.18622, 9.12838
49.18616, 9.12909
49.18613, 9.1296
49.18609, 9.13035
49.18608, 9.13109
49.18607, 9.1318
49.18608, 9.13256
49.18611, 9.13329
49.18617, 9.13425
49.18623, 9.13496
49.18628, 9.13547
49.18631, 9.13576
49.1864, 9.13646
49.18647, 9.13698
49.18661, 9.13786
49.18679, 9.13887
49.18702, 9.14013
49.18706, 9.14035
49.1871, 9.14057
49.18722, 9.14122
49.18735, 9.14193
49.18747, 9.14263
49.18758, 9.14336
49.18768, 9.14404
49.18777, 9.14479
49.18785, 9.14552
49.1879, 9.14601
49.18796, 9.14675
49.188, 9.14748
49.18802, 9.14799
49.18804, 9.14853
49.18806, 9.14927
49.18807, 9.1507
49.18807, 9.15218
49.18806, 9.15363
49.18808, 9.15479
49.18808, 9.15497
49.18808, 9.15516
49.18808, 9.15583
49.18809, 9.15608
49.18811, 9.15705
49.18813, 9.15756
49.18814, 9.15773
49.18814, 9.1578
49.18817, 9.15854
49.18821, 9.15927
49.18826, 9.16005
49.18832, 9.16082
49.18837, 9.16149
49.18838, 9.16162
49.18852, 9.1632
49.18864, 9.16443
49.18895, 9.16789
49.18898, 9.16837
49.189, 9.16868
49.18903, 9.16899
49.18907, 9.16957
49.1891, 9.16996
49.18912, 9.17038
49.18915, 9.17089
49.1892, 9.17252
49.18924, 9.17396
49.18923, 9.17554
49.18922, 9.17715
49.18916, 9.17847
49.18912, 9.1794
49.18906, 9.18053
49.18894, 9.18205
49.18892, 9.18226
49.18891, 9.18246
49.18879, 9.18366
49.18838, 9.1869
49.18828, 9.18756
49.18817, 9.18822
49.18807, 9.18881
49.18797, 9.18941
49.18784, 9.19009
49.18738, 9.19251
49.18725, 9.19318
49.18719, 9.19345
49.18705, 9.19406
49.18693, 9.19466
49.18679, 9.19537
49.18675, 9.19565
49.18668, 9.19604
49.18657, 9.19658
49.18648, 9.19707
49.18641, 9.19752
49.1863, 9.19811
49.18615, 9.19906
49.18606, 9.19962
49.18598, 9.20018
49.18594, 9.20047
49.1859, 9.20081
49.18586, 9.20112
49.18582, 9.20138
49.1858, 9.20154
49.18578, 9.20177
49.18577, 9.20183
49.18576, 9.20187
49.18575, 9.20193
49.18573, 9.20215
49.18566, 9.20269
49.18564, 9.2029
49.18561, 9.20311
49.18543, 9.20493
49.18539, 9.20526
49.18539, 9.2053
49.18536, 9.20559
49.18499, 9.20925
49.18473, 9.21155
49.18462, 9.2124
49.18459, 9.21252
49.18457, 9.21271
49.18455, 9.21289
49.18441, 9.21386
49.18438, 9.21406
49.18435, 9.21426
49.18421, 9.21516
49.18396, 9.21656
49.18384, 9.21721
49.18378, 9.21752
49.18372, 9.21783
49.18352, 9.21889
49.18344, 9.21923
49.18337, 9.21958
49.18294, 9.22139
49.18273, 9.22224
49.18257, 9.22287
49.18225, 9.22405
49.18221, 9.22421
49.18216, 9.22437
49.18216, 9.22438
49.18207, 9.22471
49.18197, 9.22505
49.18189, 9.2253
49.18158, 9.22634
49.18114, 9.22771
49.18065, 9.22919
49.18053, 9.2295
49.18042, 9.22982
49.18023, 9.23035
49.17969, 9.2318
49.17925, 9.23291
49.1789, 9.23376
49.17786, 9.23622
49.17762, 9.23678
49.17683, 9.23849
49.17604, 9.24008
49.17544, 9.24128
49.17481, 9.24248
49.17443, 9.2432
49.17403, 9.24396
49.17359, 9.24479
49.17321, 9.24549
49.17313, 9.24565
49.17304, 9.24581
49.1725, 9.24685
49.17191, 9.248
49.17143, 9.24898
49.17097, 9.24996
49.1708, 9.25033
49.17022, 9.25166
49.16987, 9.25252
49.16956, 9.2533
49.16929, 9.25402
49.16907, 9.25461
49.16868, 9.25569
49.16832, 9.25675
49.16823, 9.25701
49.16789, 9.25812
49.16764, 9.25897
49.16748, 9.25948
49.16723, 9.2604
49.16677, 9.26216
49.16617, 9.26461
49.16611, 9.26488
49.16604, 9.26514
49.16581, 9.26609
49.16562, 9.26687
49.16545, 9.26756
49.16523, 9.26842
49.16503, 9.2692
49.16485, 9.2699
49.1647, 9.2705
49.16451, 9.27116
49.16439, 9.27163
49.16426, 9.27208
49.16405, 9.27285
49.16388, 9.27345
49.16375, 9.2739
49.16311, 9.27603
49.16249, 9.27804
49.16208, 9.27939
49.16201, 9.27961
49.16194, 9.27983
49.16121, 9.28216
49.16121, 9.28216
49.16074, 9.28339
49.16066, 9.28361
49.16043, 9.28418
49.16024, 9.28466
49.16014, 9.2849
49.15991, 9.28542
49.15968, 9.28596
49.15952, 9.28632
49.15932, 9.28681
49.15913, 9.28728
49.15905, 9.2875
49.15887, 9.288
49.1587, 9.28855
49.15864, 9.28876
49.1584, 9.28962
49.1583, 9.29008
49.1582, 9.29056
49.15804, 9.2915
49.15801, 9.29168
49.15795, 9.2922
49.15792, 9.29253
49.1579, 9.2927
49.15786, 9.29321
49.1578, 9.29396
49.15775, 9.29465
49.15773, 9.29495
49.15771, 9.29515
49.15767, 9.29561
49.1576, 9.29635
49.15755, 9.29681
49.1575, 9.2973
49.15744, 9.2978
49.15727, 9.29916
49.15715, 9.30003
49.15703, 9.30098
49.15686, 9.30242
49.15666, 9.30435
49.15661, 9.30495
49.15657, 9.30545
49.15656, 9.30561
49.15647, 9.30695
49.15646, 9.30709
49.15644, 9.30732
49.15641, 9.30797
49.15638, 9.30869
49.15636, 9.30957
49.15637, 9.31023
49.15639, 9.31089
49.1564, 9.31132
49.15642, 9.31167
49.15647, 9.31226
49.15652, 9.31277
49.15661, 9.31348
49.1567, 9.31406
49.15674, 9.31429
49.15679, 9.31452
49.15683, 9.31475
49.15691, 9.31511
49.15699, 9.31544
49.15709, 9.31585
49.15717, 9.31616
49.15728, 9.31651
49.15736, 9.31679
49.15744, 9.31703
49.15757, 9.3174
49.15769, 9.31774
49.15788, 9.31823
49.15801, 9.31854
49.15818, 9.31891
49.15834, 9.31925
49.15846, 9.31948
49.15853, 9.31963
49.15867, 9.31989
49.15877, 9.32008
49.15889, 9.32029
49.15907, 9.3206
49.1593, 9.32097
49.15957, 9.32143
49.15982, 9.32183
49.16005, 9.32222
49.16012, 9.32234
49.16018, 9.32246
49.16028, 9.32262
49.16043, 9.32289
49.16058, 9.32318
49.16074, 9.32351
49.16087, 9.32378
49.16096, 9.32398
49.16104, 9.32417
49.16119, 9.32456
49.16132, 9.32488
49.16143, 9.3252
49.16151, 9.32546
49.16162, 9.3258
49.16166, 9.32596
49.16167, 9.32599
49.16171, 9.32614
49.16179, 9.3264
49.16185, 9.32664
49.16192, 9.3269
49.16199, 9.32721
49.16205, 9.32751
49.16215, 9.32802
49.16222, 9.32842
49.16227, 9.32874
49.16231, 9.32898
49.16234, 9.32929
49.16238, 9.32964
49.1624, 9.3299
49.16242, 9.33018
49.16244, 9.33051
49.16246, 9.33086
49.16247, 9.33128
49.16247, 9.33176
49.16246, 9.33205
49.16245, 9.33232
49.16243, 9.33275
49.1624, 9.33316
49.16237, 9.33356
49.16232, 9.33404
49.16224, 9.33461
49.16215, 9.33522
49.16168, 9.33808
49.16166, 9.33822
49.16166, 9.33824
49.1616, 9.33857
49.16098, 9.34234
49.16087, 9.34301
49.16079, 9.3435
49.16071, 9.34397
49.16063, 9.3445
49.16055, 9.34496
49.16048, 9.34537
49.1604, 9.34585
49.16033, 9.34632
49.16025, 9.34687
49.16018, 9.34747
49.16013, 9.34793
49.1601, 9.34829
49.16006, 9.34882
49.16003, 9.34941
49.16001, 9.34994
49.16, 9.35053
49.16, 9.35102
49.16001, 9.35151
49.16002, 9.352
49.16004, 9.35248
49.16007, 9.35294
49.16011, 9.3535
49.16016, 9.35412
49.16021, 9.35477
49.1604, 9.3569
49.16042, 9.35714
49.16044, 9.35738
49.16074, 9.36078
49.16077, 9.36102
49.1608, 9.36146
49.16084, 9.36191
49.16088, 9.36235
49.16092, 9.3627
49.16095, 9.36297
49.16097, 9.36319
49.161, 9.36346
49.16106, 9.36395
49.16109, 9.3642
49.16113, 9.36444
49.16116, 9.36461
49.1612, 9.36485
49.16125, 9.36514
49.16129, 9.36533
49.16134, 9.36559
49.16139, 9.36585
49.16149, 9.36628
49.16151, 9.36638
49.16159, 9.36671
49.16168, 9.36703
49.16175, 9.3673
49.16183, 9.36757
49.16194, 9.36788
49.16201, 9.3681
49.16212, 9.36841
49.16227, 9.36884
49.16247, 9.36936
49.16267, 9.36983
49.1629, 9.37032
49.16335, 9.37123
49.16374, 9.37193
49.16384, 9.37208
49.16397, 9.37228
49.16416, 9.37257
49.16442, 9.37294
49.16465, 9.37324
49.16471, 9.37332
49.16483, 9.37345
49.16506, 9.37372
49.16535, 9.37404
49.16561, 9.37432
49.16576, 9.37448
49.16589, 9.3746
49.16606, 9.37477
49.16643, 9.37509
49.1667, 9.37532
49.16701, 9.37555
49.16727, 9.37575
49.16746, 9.37589
49.16769, 9.37605
49.16814, 9.37638
49.16851, 9.37665
49.16899, 9.37703
49.1692, 9.37721
49.16923, 9.37724
49.16925, 9.37725
49.16931, 9.3773
49.16955, 9.37752
49.16981, 9.37779
49.17008, 9.37805
49.1703, 9.3783
49.17031, 9.37831
49.17042, 9.37844
49.17082, 9.37893
49.1711, 9.37935
49.17134, 9.3797
49.17148, 9.37994
49.17172, 9.38036
49.17187, 9.38063
49.17195, 9.3808
49.17213, 9.38115
49.17224, 9.38138
49.17232, 9.38155
49.17244, 9.38184
49.1726, 9.38223
49.17268, 9.38246
49.17274, 9.38264
49.17289, 9.38306
49.173, 9.38343
49.17308, 9.3837
49.17316, 9.38397
49.17328, 9.38445
49.17339, 9.38493
49.17347, 9.38533
49.17353, 9.38563
49.17357, 9.38587
49.17364, 9.38632
49.17373, 9.38703
49.17379, 9.38779
49.17384, 9.38854
49.17392, 9.38992
49.17396, 9.39058
49.17402, 9.39137
49.17409, 9.39217
49.17417, 9.39293
49.17426, 9.39369
49.17441, 9.39459
49.17451, 9.39517
49.17465, 9.39589
49.17473, 9.39625
49.17482, 9.39667
49.17496, 9.39729
49.17511, 9.39786
49.1753, 9.39855
49.17543, 9.39901
49.17557, 9.39948
49.17576, 9.40011
49.17595, 9.40079
49.17619, 9.40167
49.17631, 9.40214
49.17642, 9.40257
49.17652, 9.40297
49.17671, 9.40378
49.17681, 9.40424
49.17702, 9.4052
49.17712, 9.40562
49.17722, 9.40611
49.17738, 9.40677
49.17743, 9.40696
49.17745, 9.40704
49.17751, 9.40727
49.17757, 9.40749
49.17778, 9.40821
49.17792, 9.40862
49.17805, 9.40899
49.1782, 9.40937
49.17833, 9.40969
49.1785, 9.41006
49.1786, 9.41026
49.17861, 9.4103
49.1788, 9.41068
49.17901, 9.41106
49.17923, 9.41147
49.17939, 9.41174
49.17949, 9.4119
49.17963, 9.41209
49.17969, 9.41218
49.1797, 9.41218
49.17973, 9.41222
49.17975, 9.41226
49.17978, 9.41229
49.1799, 9.41246
49.18016, 9.41279
49.18044, 9.41314
49.18054, 9.41326
49.18067, 9.41341
49.18088, 9.41363
49.18109, 9.41384
49.18169, 9.41437
49.18173, 9.41441
49.18197, 9.41457
49.18216, 9.4147
49.18239, 9.41486
49.1826, 9.41499
49.18276, 9.41508
49.18291, 9.41517
49.18292, 9.41518
49.18311, 9.41528
49.18333, 9.41538
49.18341, 9.41542
49.18386, 9.4156
49.18403, 9.41565
49.18468, 9.41587
49.18511, 9.41599
49.18565, 9.41614
49.18618, 9.41629
49.18655, 9.41641
49.18675, 9.41648
49.18695, 9.41656
49.18739, 9.41676
49.18765, 9.41688
49.18801, 9.41709
49.18837, 9.41731
49.1888, 9.4176
49.18914, 9.41787
49.18954, 9.41821
49.18987, 9.41852
49.19009, 9.41874
49.19036, 9.41902
49.19052, 9.41919
49.19075, 9.41946
49.19088, 9.41962
49.19107, 9.41987
49.19123, 9.42008
49.19135, 9.42024
49.19148, 9.42043
49.19164, 9.42065
49.19183, 9.42095
49.19214, 9.42145
49.19227, 9.42169
49.19233, 9.42179
49.19237, 9.42186
49.19249, 9.42208
49.19266, 9.42242
49.19285, 9.4228
49.19304, 9.42323
49.19315, 9.42347
49.19327, 9.42377
49.19342, 9.42417
49.19351, 9.42441
49.19376, 9.42515
49.19384, 9.42539
49.19406, 9.42617
49.19421, 9.42675
49.19433, 9.42727
49.19443, 9.42779
49.19454, 9.4284
49.19458, 9.4286
49.19465, 9.4291
49.19472, 9.42956
49.19479, 9.43009
49.19487, 9.4308
49.19493, 9.4313
49.195, 9.4321
49.19505, 9.43259
49.19507, 9.43278
49.19509, 9.433
49.19517, 9.43377
49.19527, 9.43488
49.19532, 9.43542
49.19534, 9.43568
49.19534, 9.4357
49.19545, 9.43692
49.19555, 9.43791
49.19561, 9.43856
49.1957, 9.43955
49.19579, 9.44052
49.19587, 9.4414
49.1959, 9.44175
49.196, 9.44274
49.1961, 9.44375
49.19617, 9.44445
49.19627, 9.44541
49.19638, 9.44635
49.19647, 9.44707
49.19657, 9.44783
49.19661, 9.44806
49.1967, 9.44875
49.19679, 9.44932
49.19683, 9.44954
49.19684, 9.4496
49.19689, 9.44991
49.19699, 9.45052
49.19706, 9.45089
49.1971, 9.45112
49.19719, 9.45159
49.19729, 9.4521
49.19743, 9.45276
49.19759, 9.45346
49.19781, 9.45438
49.19799, 9.45509
49.19818, 9.4558
49.19843, 9.45666
49.19854, 9.45704
49.19864, 9.45735
49.19899, 9.45844
49.19925, 9.45918
49.19951, 9.45995
49.19983, 9.46079
49.20009, 9.46144
49.20042, 9.46228
49.20078, 9.46316
49.20102, 9.46373
49.20143, 9.46475
49.20172, 9.46546
49.20179, 9.46566
49.20188, 9.46586
49.20223, 9.46675
49.20244, 9.46729
49.20267, 9.46797
49.20291, 9.46864
49.20315, 9.46937
49.20339, 9.47015
49.20359, 9.47081
49.20371, 9.47129
49.20376, 9.47146
49.20389, 9.47197
49.20401, 9.47243
49.20414, 9.47294
49.20417, 9.4731
49.20428, 9.47354
49.20438, 9.47399
49.20444, 9.47427
49.20461, 9.47503
49.20473, 9.47563
49.20497, 9.47695
49.20515, 9.47799
49.20528, 9.47874
49.2054, 9.47945
49.20553, 9.48028
49.20562, 9.48084
49.20569, 9.48128
49.20582, 9.48201
49.2059, 9.48248
49.20599, 9.48295
49.20607, 9.4834
49.20617, 9.48392
49.20624, 9.48423
49.20627, 9.48439
49.20637, 9.48484
49.20641, 9.48503
49.20652, 9.48553
49.20659, 9.48581
49.20664, 9.48603
49.20664, 9.48604
49.20675, 9.48649
49.20686, 9.48689
49.20693, 9.48714
49.20713, 9.48785
49.20726, 9.48829
49.2074, 9.48874
49.20747, 9.48895
49.20751, 9.48907
49.20755, 9.48919
49.20762, 9.48943
49.20781, 9.49004
49.20799, 9.49059
49.20813, 9.49104
49.2082, 9.49125
49.20824, 9.49138
49.20828, 9.49151
49.20841, 9.49193
49.20861, 9.49258
49.20876, 9.49307
49.20896, 9.49371
49.2091, 9.49418
49.20924, 9.49464
49.20936, 9.49502
49.20943, 9.49528
49.20952, 9.49557
49.20977, 9.49645
49.20995, 9.49716
49.21012, 9.49784
49.21029, 9.4985
49.21032, 9.49862
49.21051, 9.49944
49.21073, 9.50043
49.21092, 9.50135
49.21101, 9.50179
49.21115, 9.50252
49.21132, 9.5035
49.21134, 9.50364
49.21137, 9.5038
49.2114, 9.50396
49.21151, 9.5047
49.21161, 9.50539
49.21165, 9.50565
49.21171, 9.50613
49.21177, 9.5066
49.2118, 9.50687
49.21184, 9.50734
49.21189, 9.50784
49.21195, 9.50859
49.21196, 9.50886
49.21201, 9.50957
49.21201, 9.5097
49.21202, 9.50983
49.21204, 9.51029
49.21205, 9.51043
49.21205, 9.51056
49.21207, 9.51105
49.21208, 9.5118
49.21208, 9.5121
49.21208, 9.51229
49.21208, 9.51251
49.21208, 9.51278
49.21208, 9.51293
49.21208, 9.51308
49.21206, 9.514
49.21205, 9.51426
49.21203, 9.51477
49.21199, 9.5155
49.21195, 9.51624
49.2119, 9.51698
49.21184, 9.5177
49.2118, 9.5182
49.21174, 9.51893
49.21166, 9.5199
49.21159, 9.52069
49.21148, 9.52187
49.21137, 9.52335
49.21131, 9.52433
49.21129, 9.52459
49.21127, 9.52506
49.21124, 9.52555
49.21122, 9.52606
49.2112, 9.52678
49.21119, 9.52729
49.21118, 9.5278
49.21118, 9.52831
49.21118, 9.52875
49.21117, 9.52902
49.21118, 9.52959
49.21118, 9.52975
49.21119, 9.5306
49.21122, 9.53135
49.21123, 9.53174
49.21124, 9.53182
49.21126, 9.5323
49.2113, 9.53297
49.21133, 9.53343
49.21136, 9.53407
49.21144, 9.53489
49.21155, 9.53616
49.21162, 9.5368
49.21172, 9.53763
49.2118, 9.53823
49.21192, 9.53912
49.212, 9.5397
49.21204, 9.5399
49.21215, 9.54061
49.21223, 9.54104
49.21231, 9.54152
49.21238, 9.54188
49.21244, 9.54224
49.21257, 9.54287
49.21271, 9.54356
49.21292, 9.54455
49.21303, 9.54501
49.21319, 9.54569
49.21331, 9.54616
49.21345, 9.54671
49.2136, 9.54727
49.21375, 9.54783
49.21399, 9.54867
49.2143, 9.54973
49.21476, 9.55124
49.21499, 9.55205
49.21532, 9.55314
49.21545, 9.55359
49.21559, 9.55409
49.2157, 9.5545
49.21588, 9.55517
49.21603, 9.55575
49.21613, 9.55615
49.21628, 9.55681
49.21643, 9.55753
49.21658, 9.55828
49.2167, 9.55895
49.21683, 9.55973
49.21694, 9.56043
49.21704, 9.56122
49.21715, 9.56212
49.21725, 9.56309
49.21729, 9.56364
49.21733, 9.5641
49.21737, 9.56474
49.21741, 9.56556
49.21744, 9.56609
49.21745, 9.56656
49.21746, 9.5671
49.21746, 9.56758
49.21747, 9.56829
49.21745, 9.56904
49.21744, 9.56954
49.21742, 9.57004
49.21738, 9.57078
49.21735, 9.57136
49.21732, 9.57177
49.21726, 9.57242
49.21719, 9.57322
49.21711, 9.5739
49.21702, 9.57467
49.21693, 9.57546
49.21676, 9.5767
49.21664, 9.57759
49.2165, 9.5786
49.21634, 9.57968
49.21622, 9.58056
49.2161, 9.58144
49.216, 9.58217
49.21589, 9.58305
49.21581, 9.5838
49.21572, 9.58462
49.21568, 9.58503
49.21557, 9.58636
49.2155, 9.58737
49.21547, 9.58783
49.21544, 9.5883
49.21541, 9.58879
49.21529, 9.59129
49.21519, 9.59372
49.21512, 9.59553
49.21508, 9.59652
49.21504, 9.59725
49.21499, 9.59824
49.21496, 9.59879
49.21493, 9.59924
49.21489, 9.59979
49.21485, 9.60021
49.2148, 9.60089
49.21473, 9.60163
49.21464, 9.60261
49.21455, 9.60339
49.21449, 9.60394
49.21442, 9.60454
49.21435, 9.60506
49.21426, 9.60576
49.21419, 9.60632
49.21408, 9.60705
49.21397, 9.60778
49.21386, 9.60849
49.21375, 9.60919
49.21363, 9.60986
49.21353, 9.61043
49.2134, 9.61114
49.21327, 9.61178
49.21316, 9.61233
49.21303, 9.61297
49.21288, 9.61366
49.21276, 9.6142
49.21267, 9.61459
49.21251, 9.61529
49.21234, 9.61597
49.21216, 9.61667
49.21203, 9.61721
49.21167, 9.61855
49.2116, 9.61883
49.21152, 9.6191
49.21134, 9.61973
49.21113, 9.62045
49.21089, 9.62128
49.21062, 9.62217
49.21034, 9.62306
49.21013, 9.62371
49.20983, 9.62469
49.20955, 9.62558
49.2092, 9.62671
49.20899, 9.62739
49.20879, 9.62807
49.20859, 9.62875
49.20839, 9.62946
49.20813, 9.63037
49.20794, 9.63107
49.20773, 9.63191
49.20748, 9.63289
49.20747, 9.63291
49.20726, 9.63381
49.20706, 9.63471
49.20691, 9.63536
49.20689, 9.63546
49.20688, 9.6355
49.20686, 9.63561
49.20684, 9.63569
49.20653, 9.63725
49.20642, 9.63788
49.20633, 9.63833
49.2062, 9.63903
49.20608, 9.63975
49.20596, 9.64045
49.20588, 9.64097
49.20578, 9.64165
49.20567, 9.64236
49.20552, 9.6435
49.2055, 9.64359
49.20549, 9.64369
49.20522, 9.64607
49.20509, 9.64748
49.20508, 9.64756
49.2049, 9.64975
49.20479, 9.65193
49.20475, 9.65263
49.20467, 9.65594
49.20467, 9.65612
49.20467, 9.65616
49.20466, 9.65622
49.20466, 9.65631
49.20466, 9.65653
49.20465, 9.65814
49.20464, 9.65911
49.20464, 9.66012
49.20464, 9.66111
49.20463, 9.6621
49.20462, 9.66309
49.2046, 9.66406
49.20459, 9.66485
49.20456, 9.66564
49.20454, 9.66629
49.2045, 9.66705
49.20448, 9.66753
49.20445, 9.66802
49.20442, 9.66845
49.20438, 9.66906
49.20435, 9.66938
49.20434, 9.66957
49.20432, 9.66986
49.20428, 9.67027
49.20424, 9.67075
49.20419, 9.67124
49.20414, 9.67174
49.20411, 9.67202
49.20406, 9.67246
49.20403, 9.67275
49.20398, 9.67317
49.20392, 9.67363
49.20386, 9.67407
49.20381, 9.67442
49.20376, 9.67484
49.20369, 9.6753
49.20362, 9.67574
49.20354, 9.67621
49.20345, 9.67678
49.20335, 9.67738
49.20324, 9.67796
49.20315, 9.67841
49.20312, 9.67858
49.20309, 9.67874
49.20282, 9.68007
49.20273, 9.68045
49.20271, 9.68054
49.20265, 9.68084
49.20224, 9.68249
49.20203, 9.68337
49.20183, 9.68417
49.20158, 9.68513
49.20141, 9.68578
49.20137, 9.68595
49.20129, 9.68623
49.20121, 9.68652
49.2012, 9.68657
49.20116, 9.68671
49.20116, 9.68672
49.20109, 9.68695
49.20081, 9.68798
49.20047, 9.68915
49.20003, 9.69068
49.19957, 9.69225
49.19948, 9.69256
49.19945, 9.69266
49.19942, 9.69276
49.19865, 9.69539
49.1982, 9.69695
49.19733, 9.69992
49.19721, 9.70031
49.19701, 9.701
49.19669, 9.70211
49.19663, 9.7023
49.19658, 9.70248
49.19524, 9.70705
49.19516, 9.7073
49.19442, 9.70984
49.19363, 9.71252
49.19344, 9.71317
49.1933, 9.71364
49.19311, 9.71432
49.19298, 9.71477
49.19284, 9.71525
49.19265, 9.71589
49.19251, 9.71638
49.19231, 9.71704
49.19217, 9.71751
49.19192, 9.71833
49.19176, 9.71883
49.19162, 9.71931
49.19149, 9.71972
49.19134, 9.72017
49.19127, 9.72041
49.19113, 9.72083
49.19099, 9.72128
49.19081, 9.72181
49.19069, 9.72216
49.19039, 9.72303
49.19002, 9.72408
49.18999, 9.72415
49.18997, 9.7242
49.18984, 9.72455
49.18943, 9.72564
49.18918, 9.72629
49.18894, 9.72689
49.18876, 9.72734
49.18843, 9.72818
49.18804, 9.72914
49.18758, 9.73029
49.18691, 9.73195
49.18659, 9.73278
49.18634, 9.73343
49.18616, 9.7339
49.18568, 9.7352
49.18561, 9.73539
49.18546, 9.73581
49.18524, 9.73646
49.1848, 9.73777
49.1846, 9.73843
49.18453, 9.73868
49.18428, 9.73951
49.1842, 9.73982
49.18395, 9.74071
49.1837, 9.74163
49.18347, 9.74253
49.18336, 9.74301
49.1832, 9.74368
49.18303, 9.74441
49.18293, 9.74488
49.18289, 9.74508
49.18269, 9.74604
49.18251, 9.74698
49.18238, 9.74771
49.1823, 9.74822
49.18215, 9.74916
49.18211, 9.7494
49.182, 9.75012
49.18193, 9.75061
49.18187, 9.75108
49.18181, 9.75155
49.18167, 9.75275
49.18164, 9.753
49.18159, 9.75349
49.18156, 9.75376
49.1815, 9.75445
49.18143, 9.75521
49.1814, 9.7557
49.18134, 9.75653
49.18131, 9.75707
49.18128, 9.75757
49.18125, 9.75812
49.18122, 9.75882
49.18119, 9.76005
49.18117, 9.76056
49.18116, 9.76104
49.18115, 9.76202
49.18112, 9.76374
49.1811, 9.76472
49.18108, 9.76546
49.18106, 9.7662
49.18104, 9.7667
49.18102, 9.76717
49.18101, 9.76742
49.18098, 9.76782
49.18096, 9.76807
49.18094, 9.76833
49.18089, 9.769
49.18083, 9.76961
49.18079, 9.77007
49.18073, 9.77054
49.1807, 9.77082
49.18064, 9.77128
49.18061, 9.77148
49.18057, 9.77177
49.18054, 9.77202
49.1805, 9.77223
49.18047, 9.77245
49.18039, 9.77296
49.18034, 9.77322
49.1803, 9.77343
49.18022, 9.77389
49.18018, 9.77414
49.18004, 9.77483
49.18, 9.77503
49.17989, 9.77554
49.1798, 9.77593
49.17963, 9.77669
49.17938, 9.77772
49.17936, 9.77785
49.17933, 9.77797
49.17927, 9.77821
49.17922, 9.77845
49.17899, 9.77943
49.17881, 9.78028
49.17862, 9.78117
49.17842, 9.78206
49.17815, 9.78327
49.17802, 9.78385
49.17789, 9.78443
49.17765, 9.78543
49.17756, 9.78579
49.17745, 9.78623
49.17739, 9.7865
49.17732, 9.78677
49.17718, 9.78733
49.17714, 9.78751
49.17709, 9.78768
49.17696, 9.78818
49.17694, 9.78829
49.17691, 9.7884
49.17683, 9.78869
49.1768, 9.7888
49.17678, 9.78892
49.1767, 9.78923
49.17666, 9.78938
49.17662, 9.78953
49.17636, 9.79053
49.17632, 9.79067
49.17626, 9.7909
49.17616, 9.79129
49.17593, 9.79222
49.17587, 9.79247
49.17581, 9.79273
49.17573, 9.79303
49.17547, 9.79415
49.17536, 9.7946
49.17509, 9.79578
49.17494, 9.79644
49.17469, 9.79763
49.17455, 9.79831
49.1745, 9.79858
49.17433, 9.79946
49.1742, 9.80016
49.17412, 9.80066
49.17407, 9.80092
49.17388, 9.80211
49.1737, 9.8033
49.17366, 9.80355
49.17353, 9.80449
49.1735, 9.80476
49.17344, 9.80524
49.17338, 9.80571
49.1733, 9.80641
49.17321, 9.80714
49.17311, 9.80811
49.17309, 9.80836
49.173, 9.80933
49.1729, 9.81054
49.17285, 9.81128
49.17282, 9.81178
49.17281, 9.81202
49.17277, 9.8127
49.17276, 9.81298
49.17273, 9.81345
49.17269, 9.81441
49.17268, 9.81492
49.17266, 9.81563
49.17265, 9.81659
49.17264, 9.81757
49.17264, 9.81808
49.17264, 9.81832
49.17264, 9.81903
49.17264, 9.81956
49.17265, 9.82003
49.17267, 9.82103
49.17268, 9.82123
49.17268, 9.82143
49.17272, 9.82252
49.17274, 9.82299
49.17279, 9.82399
49.17283, 9.82472
49.17288, 9.82543
49.17292, 9.82593
49.17295, 9.82643
49.17301, 9.82716
49.17307, 9.82787
49.17324, 9.82983
49.17338, 9.83126
49.1734, 9.83155
49.17358, 9.83348
49.17368, 9.83469
49.17374, 9.83544
49.17383, 9.83663
49.17388, 9.83712
49.17389, 9.83737
49.17391, 9.83763
49.17395, 9.83812
49.17398, 9.8386
49.174, 9.83884
49.17401, 9.83909
49.17402, 9.83933
49.17407, 9.84007
49.17409, 9.84056
49.17412, 9.84106
49.17414, 9.84154
49.17416, 9.84197
49.17419, 9.84251
49.17421, 9.84301
49.17422, 9.84341
49.17423, 9.84373
49.17425, 9.84423
49.17427, 9.84495
49.17429, 9.84559
49.1743, 9.8465
49.17431, 9.84715
49.17432, 9.84755
49.17432, 9.84813
49.17433, 9.84862
49.17433, 9.84893
49.17433, 9.8498
49.17433, 9.8503
49.17433, 9.85078
49.17433, 9.85105
49.17433, 9.85129
49.17433, 9.85182
49.17432, 9.85249
49.17431, 9.85327
49.17431, 9.85375
49.1743, 9.85424
49.1743, 9.85475
49.17429, 9.85527
49.17428, 9.85596
49.17428, 9.85644
49.17427, 9.85692
49.17427, 9.8574
49.17427, 9.85765
49.17427, 9.85793
49.17426, 9.85815
49.17426, 9.8584
49.17426, 9.85914
49.17426, 9.85985
49.17426, 9.86058
49.17426, 9.86107
49.17427, 9.86155
49.17427, 9.86193
49.17428, 9.86253
49.17429, 9.86299
49.17429, 9.863
49.17429, 9.86326
49.1743, 9.86351
49.17431, 9.86397
49.17433, 9.86445
49.17436, 9.86542
49.17438, 9.86591
49.17439, 9.86615
49.17439, 9.86639
49.1744, 9.86665
49.17442, 9.8669
49.17443, 9.86714
49.17444, 9.86739
49.17445, 9.86764
49.17446, 9.86788
49.17446, 9.86789
49.17447, 9.86807
49.1745, 9.86861
49.17455, 9.86934
49.17461, 9.87032
49.17463, 9.87056
49.17465, 9.87082
49.17467, 9.87106
49.17467, 9.87118
49.1747, 9.87154
49.17472, 9.87178
49.17474, 9.87202
49.17476, 9.87227
49.17478, 9.87252
49.17482, 9.87298
49.17484, 9.87321
49.17486, 9.87347
49.17489, 9.8737
49.17491, 9.87394
49.17498, 9.87467
49.17503, 9.87516
49.17506, 9.8754
49.17508, 9.87565
49.17511, 9.87589
49.17513, 9.87611
49.17519, 9.8766
49.17524, 9.87709
49.1753, 9.87757
49.17533, 9.87781
49.17538, 9.87829
49.17545, 9.87878
49.1755, 9.87924
49.17553, 9.87948
49.17556, 9.87972
49.17559, 9.87996
49.17562, 9.88021
49.17567, 9.88057
49.17574, 9.88117
49.17581, 9.88165
49.17587, 9.88212
49.1759, 9.88236
49.17596, 9.88285
49.17602, 9.88332
49.1761, 9.88391
49.17615, 9.88428
49.17617, 9.88449
49.17621, 9.88474
49.17624, 9.885
49.17627, 9.88524
49.1763, 9.88548
49.17633, 9.88572
49.17636, 9.88596
49.17639, 9.88618
49.17642, 9.88642
49.17648, 9.88692
49.17654, 9.88741
49.17657, 9.88765
49.17662, 9.88814
49.17665, 9.88839
49.1767, 9.88886
49.17675, 9.88934
49.17678, 9.88959
49.17682, 9.88999
49.17689, 9.89062
49.17693, 9.89104
49.17698, 9.89153
49.177, 9.89176
49.17702, 9.89201
49.17706, 9.8925
49.17713, 9.89322
49.17719, 9.89396
49.17721, 9.8942
49.17723, 9.89445
49.17726, 9.89493
49.17729, 9.89531
49.17733, 9.89591
49.17735, 9.89616
49.17738, 9.89664
49.1774, 9.89699
49.17741, 9.89713
49.17744, 9.89764
49.17745, 9.89788
49.17748, 9.89838
49.17749, 9.89863
49.1775, 9.89889
49.17752, 9.89912
49.17753, 9.89938
49.17754, 9.89971
49.17756, 9.90009
49.17757, 9.90034
49.17759, 9.90082
49.1776, 9.90108
49.17761, 9.90132
49.17762, 9.90158
49.17763, 9.9018
49.17763, 9.90204
49.17764, 9.90229
49.17765, 9.90254
49.17765, 9.90278
49.17766, 9.90303
49.17766, 9.90327
49.17768, 9.90376
49.17768, 9.904
49.17769, 9.90427
49.17769, 9.90449
49.1777, 9.90499
49.1777, 9.90548
49.17771, 9.90572
49.17771, 9.90597
49.17771, 9.90621
49.17771, 9.90639
49.17772, 9.9067
49.17771, 9.90685
49.17771, 9.90719
49.17771, 9.90742
49.17771, 9.90793
49.17771, 9.90841
49.17771, 9.90877
49.1777, 9.90939
49.17769, 9.91014
49.17768, 9.91038
49.17767, 9.91086
49.17766, 9.91136
49.17765, 9.91169
49.17764, 9.9121
49.17763, 9.91234
49.17762, 9.91283
49.17761, 9.91313
49.1776, 9.91326
49.1776, 9.91332
49.1776, 9.91336
49.17759, 9.91356
49.17757, 9.91405
49.17756, 9.9143
49.17754, 9.91479
49.17753, 9.91504
49.17752, 9.91529
49.1775, 9.91578
49.17749, 9.91602
49.17748, 9.91626
49.17747, 9.91651
49.17746, 9.91676
49.17743, 9.91724
49.17742, 9.91747
49.1774, 9.91798
49.17736, 9.91872
49.17734, 9.9192
49.17733, 9.91946
49.17729, 9.9202
49.17727, 9.92067
49.17723, 9.92141
49.17723, 9.92165
49.17721, 9.92191
49.1772, 9.92216
49.17719, 9.9224
49.17718, 9.92264
49.17716, 9.92313
49.17715, 9.92338
49.17714, 9.92363
49.17713, 9.92401
49.17713, 9.92411
49.17712, 9.92421
49.17711, 9.92461
49.17709, 9.92533
49.17708, 9.92559
49.17707, 9.92608
49.17705, 9.92682
49.17705, 9.92706
49.17704, 9.9278
49.17704, 9.92828
49.17703, 9.9288
49.17703, 9.92976
49.17703, 9.93111
49.17704, 9.93227
49.17704, 9.93269
49.17705, 9.93318
49.17708, 9.93447
49.17709, 9.93489
49.17711, 9.93539
49.17715, 9.93662
49.17716, 9.93686
49.17718, 9.93734
49.1772, 9.93786
49.17722, 9.93836
49.17735, 9.94128
49.17739, 9.94199
49.1774, 9.94224
49.17742, 9.94273
49.17743, 9.94296
49.17744, 9.94308
49.17744, 9.94321
49.17746, 9.94346
49.17747, 9.94358
49.17751, 9.94444
49.17752, 9.94479
49.17753, 9.94514
49.17755, 9.9455
49.17756, 9.94589
49.17758, 9.94638
49.17759, 9.94679
49.17762, 9.94755
49.17764, 9.94816
49.17765, 9.94859
49.17765, 9.9489
49.17767, 9.94959
49.17767, 9.95012
49.17768, 9.95042
49.17768, 9.95088
49.17768, 9.95119
49.17768, 9.95162
49.17768, 9.95256
49.17768, 9.95271
49.17768, 9.95281
49.17768, 9.95292
49.17767, 9.95375
49.17766, 9.95421
49.17764, 9.95512
49.17763, 9.95554
49.17759, 9.95652
49.17757, 9.95701
49.17756, 9.95726
49.17755, 9.95761
49.17753, 9.95805
49.17748, 9.95898
49.17742, 9.95987
49.17737, 9.96068
49.17735, 9.96092
49.17734, 9.96117
49.17731, 9.96157
49.17727, 9.96198
49.17718, 9.96313
49.17715, 9.96345
49.17706, 9.96436
49.17702, 9.96478
49.17695, 9.96541
49.17681, 9.96678
49.17678, 9.96704
49.17671, 9.9677
49.17646, 9.9701
49.1761, 9.97327
49.17577, 9.97632
49.17575, 9.97645
49.17574, 9.97657
49.1757, 9.97692
49.17565, 9.9774
49.17561, 9.97771
49.17555, 9.97831
49.1755, 9.97877
49.17544, 9.97932
49.17536, 9.97998
49.17531, 9.98046
49.17526, 9.98091
49.17522, 9.98128
49.17515, 9.98189
49.17509, 9.98241
49.17503, 9.983
49.17498, 9.9834
49.17491, 9.98408
49.17488, 9.98436
49.17468, 9.98616
49.17428, 9.9898
49.17423, 9.99022
49.17402, 9.99214
49.174, 9.99229
49.17372, 9.99485
49.17342, 9.99758
49.17327, 9.99889
49.17326, 9.999
49.17322, 9.99937
49.17319, 9.9997
49.17317, 9.99983
49.17313, 10.00021
49.17309, 10.00059
49.173, 10.0015
49.17293, 10.00217
49.17287, 10.00275
49.17284, 10.00316
49.17278, 10.00387
49.17274, 10.00434
49.17271, 10.0049
49.17267, 10.00557
49.17266, 10.00579
49.17264, 10.00632
49.17263, 10.0068
49.17262, 10.00725
49.17262, 10.00826
49.17262, 10.00876
49.17263, 10.00925
49.17265, 10.00975
49.17267, 10.01016
49.17269, 10.01069
49.17271, 10.01105
49.17275, 10.01156
49.17275, 10.01161
49.1728, 10.0122
49.17285, 10.01278
49.1729, 10.01329
49.17294, 10.01367
49.17298, 10.01406
49.17304, 10.01452
49.17308, 10.01481
49.1731, 10.01502
49.17317, 10.01546
49.17325, 10.01599
49.17329, 10.01625
49.17337, 10.01673
49.17345, 10.01718
49.17353, 10.01758
49.17361, 10.01798
49.17367, 10.0183
49.17377, 10.01873
49.17386, 10.01918
49.17396, 10.01959
49.17407, 10.02006
49.17425, 10.02074
49.17439, 10.02127
49.17458, 10.02197
49.17484, 10.02283
49.17505, 10.02348
49.17534, 10.02434
49.17543, 10.02458
49.17552, 10.0248
49.17555, 10.02488
49.17568, 10.02522
49.17586, 10.02569
49.17605, 10.02614
49.17663, 10.02751
49.1769, 10.02811
49.17723, 10.02882
49.17826, 10.03102
49.17835, 10.03121
49.17842, 10.03136
49.17844, 10.0314
49.17853, 10.03159
49.1786, 10.03175
49.17865, 10.03186
49.17872, 10.032
49.17878, 10.03211
49.1788, 10.03215
49.17899, 10.03252
49.17927, 10.03309
49.17963, 10.0338
49.17967, 10.0339
49.17974, 10.03406
49.17975, 10.03409
49.17983, 10.03428
49.17987, 10.03436
49.1801, 10.03491
49.18014, 10.03502
49.18017, 10.03509
49.18024, 10.03526
49.18046, 10.03577
49.18064, 10.03624
49.18083, 10.0367
49.18098, 10.03715
49.18126, 10.03792
49.18133, 10.03816
49.18139, 10.03834
49.18143, 10.03846
49.18155, 10.03885
49.18168, 10.03924
49.18181, 10.03969
49.18182, 10.03975
49.18183, 10.03976
49.1819, 10.04005
49.18192, 10.04012
49.18213, 10.04087
49.18233, 10.0416
49.18248, 10.04225
49.18289, 10.04434
49.18292, 10.04445
49.18298, 10.04482
49.18311, 10.04558
49.18323, 10.04638
49.18332, 10.04708
49.18344, 10.0481
49.18353, 10.04903
49.18361, 10.04999
49.18369, 10.05109
49.18373, 10.05156
49.18375, 10.05199
49.18376, 10.05227
49.18378, 10.05276
49.18379, 10.05324
49.1838, 10.0537
49.18382, 10.05432
49.18382, 10.0547
49.18383, 10.0552
49.18383, 10.05593
49.18382, 10.05668
49.18381, 10.05786
49.1838, 10.05837
49.18379, 10.0589
49.18377, 10.0596
49.18374, 10.06059
49.18372, 10.06109
49.18369, 10.06211
49.18365, 10.06306
49.1836, 10.0643
49.18356, 10.0655
49.18355, 10.0656
49.18354, 10.06623
49.18353, 10.0664
49.18353, 10.06657
49.18348, 10.0678
49.18347, 10.06799
49.18341, 10.07025
49.18339, 10.07094
49.18338, 10.07171
49.18338, 10.07209
49.18338, 10.07224
49.18338, 10.07239
49.18338, 10.07272
49.18338, 10.07328
49.18337, 10.07357
49.18338, 10.07434
49.18339, 10.07504
49.18341, 10.07578
49.18343, 10.07657
49.18347, 10.07755
49.1835, 10.07825
49.18352, 10.07862
49.18354, 10.07898
49.18357, 10.07952
49.18362, 10.08022
49.18369, 10.0812
49.18375, 10.08193
49.18379, 10.08239
49.1839, 10.08354
49.18397, 10.08417
49.18404, 10.08481
49.18408, 10.08514
49.18416, 10.08585
49.18423, 10.08635
49.18429, 10.08682
49.18438, 10.08751
49.18449, 10.08826
49.18461, 10.08899
49.18471, 10.08964
49.18475, 10.08991
49.18476, 10.08993
49.1848, 10.09017
49.18491, 10.09082
49.18504, 10.09159
49.18517, 10.09228
49.18536, 10.09321
49.18551, 10.09395
49.18565, 10.0946
49.18575, 10.09508
49.18586, 10.09555
49.18597, 10.09602
49.18608, 10.09651
49.1862, 10.09698
49.1863, 10.09739
49.18652, 10.09828
49.18666, 10.09878
49.18672, 10.09903
49.18685, 10.09949
49.18697, 10.09994
49.1871, 10.10038
49.18735, 10.10125
49.18741, 10.10145
49.18747, 10.10165
49.18768, 10.10235
49.18789, 10.10303
49.18798, 10.10329
49.18817, 10.10389
49.18841, 10.1046
49.18856, 10.10505
49.18867, 10.10539
49.18885, 10.10587
49.18908, 10.10653
49.18932, 10.10716
49.18964, 10.108
49.18989, 10.10865
49.19007, 10.1091
49.19048, 10.1101
49.19064, 10.11051
49.19086, 10.11102
49.19101, 10.11137
49.19127, 10.11198
49.19167, 10.11288
49.19217, 10.11398
49.19265, 10.115
49.19293, 10.11561
49.19339, 10.11657
49.1937, 10.11719
49.19408, 10.11798
49.19444, 10.11875
49.19484, 10.11958
49.19563, 10.12115
49.19576, 10.12137
49.19594, 10.1217
49.19682, 10.12341
49.19687, 10.1235
49.19689, 10.12353
49.19693, 10.1236
49.19783, 10.12532
49.19814, 10.1259
49.19884, 10.12721
49.19896, 10.12743
49.19916, 10.12781
49.19936, 10.12818
49.19956, 10.12857
49.19974, 10.12892
49.19994, 10.1293
49.20013, 10.12968
49.20026, 10.12992
49.20045, 10.13029
49.20063, 10.13064
49.20076, 10.13089
49.20104, 10.13144
49.20116, 10.13168
49.20134, 10.13204
49.20167, 10.1327
49.20193, 10.13322
49.20203, 10.13341
49.20213, 10.13361
49.20234, 10.13404
49.20254, 10.13443
49.20273, 10.13482
49.20281, 10.135
49.20299, 10.1354
49.20328, 10.13604
49.20354, 10.13663
49.20382, 10.13726
49.20399, 10.13764
49.20418, 10.13806
49.20435, 10.13847
49.20452, 10.13889
49.20471, 10.13932
49.20497, 10.13994
49.20546, 10.14118
49.20571, 10.14178
49.20595, 10.1424
49.20616, 10.14295
49.20627, 10.14322
49.20665, 10.14428
49.20686, 10.14489
49.20711, 10.14562
49.20733, 10.14628
49.20748, 10.14675
49.20776, 10.14764
49.20802, 10.14853
49.20826, 10.14931
49.20842, 10.14987
49.20849, 10.15011
49.20868, 10.15079
49.20891, 10.15167
49.20913, 10.15257
49.20931, 10.15331
49.20945, 10.1539
49.20956, 10.15437
49.20961, 10.15459
49.20977, 10.15533
49.20991, 10.15602
49.21001, 10.1565
49.2101, 10.15698
49.21019, 10.15747
49.21031, 10.15818
49.21042, 10.15889
49.21049, 10.15936
49.21059, 10.16006
49.21069, 10.16085
49.21077, 10.16156
49.21081, 10.16193
49.21084, 10.16226
49.21093, 10.16326
49.21097, 10.16381
49.21104, 10.16492
49.21108, 10.1659
49.2111, 10.16639
49.21108, 10.16714
49.21109, 10.16749
49.21109, 10.1683
49.21109, 10.16905
49.21107, 10.16962
49.21107, 10.1697
49.21105, 10.17028
49.21104, 10.1707
49.211, 10.17132
49.21099, 10.17151
49.21098, 10.1717
49.21096, 10.1719
49.21094, 10.1723
49.21091, 10.17262
49.21089, 10.17288
49.21086, 10.17325
49.2108, 10.1738
49.21077, 10.17412
49.21072, 10.17452
49.21063, 10.17521
49.21058, 10.17556
49.21054, 10.1758
49.21046, 10.17633
49.21041, 10.17662
49.21035, 10.17698
49.21032, 10.17716
49.21029, 10.17734
49.21025, 10.17753
49.21019, 10.17789
49.2101, 10.17831
49.21001, 10.17873
49.20999, 10.17885
49.2099, 10.17924
49.2098, 10.17968
49.20963, 10.18038
49.20953, 10.18078
49.20938, 10.18135
49.20929, 10.18167
49.20913, 10.18221
49.20893, 10.18288
49.20873, 10.18353
49.20866, 10.18374
49.20827, 10.18487
49.20812, 10.18529
49.20781, 10.18615
49.20711, 10.18804
49.20669, 10.1892
49.20655, 10.18961
49.20647, 10.18982
49.20626, 10.19045
49.20612, 10.19089
49.20598, 10.19134
49.20584, 10.19184
49.20566, 10.19247
49.20549, 10.19317
49.20544, 10.19336
49.20538, 10.19362
49.20528, 10.19406
49.20519, 10.19455
49.20515, 10.19477
49.20511, 10.19501
49.20505, 10.19532
49.20503, 10.19546
49.20499, 10.19574
49.20496, 10.19601
49.20493, 10.19625
49.20489, 10.19663
49.20485, 10.19696
49.20482, 10.19742
49.20479, 10.19799
49.20476, 10.19862
49.20476, 10.19917
49.20476, 10.19953
49.20478, 10.20004
49.20479, 10.20038
49.20483, 10.20095
49.20485, 10.20136
49.20486, 10.20141
49.20489, 10.20185
49.20495, 10.20248
49.20509, 10.20377
49.20518, 10.20449
49.2052, 10.20472
49.20536, 10.20608
49.20537, 10.20616
49.20539, 10.20634
49.20541, 10.20653
49.20544, 10.20676
49.2055, 10.20744
49.20558, 10.20836
49.20562, 10.20905
49.20565, 10.20961
49.20567, 10.21012
49.20568, 10.21072
49.20568, 10.2116
49.20568, 10.21207
49.20567, 10.21254
49.20564, 10.21334
49.2056, 10.21411
49.20554, 10.21487
49.20546, 10.21571
49.2054, 10.21623
49.20534, 10.21669
49.20527, 10.21716
49.20517, 10.21774
49.20512, 10.21798
49.20512, 10.21802
49.20508, 10.21822
49.20503, 10.21842
49.20498, 10.21867
49.20494, 10.21893
49.20475, 10.21969
49.20449, 10.22069
49.20446, 10.22077
49.20412, 10.22199
49.20393, 10.22266
49.20379, 10.22318
49.20368, 10.22358
49.20357, 10.22399
49.20351, 10.22426
49.20346, 10.2245
49.20331, 10.22522
49.20318, 10.22593
49.20307, 10.22662
49.203, 10.22712
49.20294, 10.22759
49.20289, 10.22811
49.20283, 10.22883
49.20279, 10.22954
49.20276, 10.23028
49.20275, 10.23077
49.20275, 10.23151
49.20276, 10.23203
49.20278, 10.23252
49.20282, 10.23324
49.20285, 10.23375
49.20289, 10.23415
49.20295, 10.23469
49.20301, 10.23518
49.20308, 10.23569
49.20315, 10.23617
49.20324, 10.23664
49.20332, 10.23709
49.20337, 10.23735
49.20347, 10.23781
49.20364, 10.23849
49.20376, 10.23897
49.20396, 10.23966
49.20402, 10.23986
49.20416, 10.24031
49.2043, 10.24073
49.20446, 10.24119
49.20495, 10.24244
49.20541, 10.24346
49.2058, 10.24425
49.20616, 10.24492
49.20642, 10.24538
49.20663, 10.24575
49.20686, 10.24612
49.20705, 10.24642
49.20717, 10.24661
49.20729, 10.2468
49.20778, 10.24752
49.20789, 10.24768
49.20802, 10.24786
49.20813, 10.24801
49.20826, 10.24819
49.2085, 10.24852
49.20886, 10.24899
49.20912, 10.24931
49.20936, 10.2496
49.20975, 10.25006
49.21016, 10.25054
49.21057, 10.25099
49.21096, 10.25141
49.21124, 10.2517
49.21154, 10.25201
49.21163, 10.2521
49.21172, 10.25219
49.21245, 10.25287
49.21273, 10.25314
49.21288, 10.25328
49.21314, 10.25351
49.21342, 10.25376
49.2137, 10.25402
49.21398, 10.25426
49.21429, 10.25454
49.21454, 10.25477
49.21471, 10.25492
49.21495, 10.25514
49.2151, 10.25527
49.2154, 10.25554
49.21564, 10.25577
49.2158, 10.25591
49.21608, 10.25618
49.21635, 10.25643
49.21662, 10.25669
49.21688, 10.25695
49.21699, 10.25706
49.2171, 10.25718
49.21744, 10.25753
49.21785, 10.25797
49.21811, 10.25827
49.2185, 10.25871
49.21887, 10.25918
49.21924, 10.25966
49.21949, 10.26
49.2198, 10.26044
49.21989, 10.26056
49.21997, 10.26068
49.2204, 10.26136
49.22096, 10.26228
49.22127, 10.26284
49.22167, 10.2636
49.22206, 10.2644
49.22254, 10.26541
49.2229, 10.26626
49.22332, 10.26729
49.22357, 10.26796
49.22388, 10.26881
49.2241, 10.26947
49.22432, 10.27011
49.22454, 10.27079
49.22481, 10.2717
49.22507, 10.2726
49.22526, 10.27328
49.22545, 10.27396
49.22557, 10.27444
49.22575, 10.27516
49.22591, 10.27579
49.22613, 10.27674
49.22638, 10.27791
49.22652, 10.27862
49.22657, 10.27886
49.22661, 10.27911
49.22666, 10.27935
49.22679, 10.27984
49.22686, 10.28029
49.22691, 10.28058
49.227, 10.2811
49.22711, 10.28178
49.22719, 10.28233
49.22722, 10.28255
49.22729, 10.28302
49.22738, 10.28368
49.22746, 10.28435
49.22749, 10.28462
49.2276, 10.28555
49.22772, 10.28668
49.22778, 10.28737
49.22782, 10.28777
49.22805, 10.2902
49.22814, 10.29121
49.22826, 10.29257
49.22831, 10.29312
49.22834, 10.29342
49.22841, 10.29409
49.22857, 10.29556
49.22858, 10.29573
49.22871, 10.29678
49.22878, 10.29728
49.22895, 10.29849
49.22902, 10.29897
49.22913, 10.29967
49.22922, 10.30018
49.22934, 10.30089
49.22943, 10.30137
49.22952, 10.30181
49.22967, 10.3026
49.22975, 10.30298
49.22986, 10.3035
49.23, 10.30414
49.23024, 10.30515
49.23029, 10.30536
49.23053, 10.30634
49.23063, 10.30674
49.2307, 10.30699
49.23072, 10.30707
49.23083, 10.30747
49.23092, 10.30779
49.231, 10.30807
49.23108, 10.30835
49.23111, 10.30847
49.23124, 10.30892
49.23136, 10.30931
49.23145, 10.30959
49.23159, 10.31004
49.2317, 10.31042
49.23177, 10.31064
49.23192, 10.31108
49.23206, 10.31152
49.23221, 10.31196
49.23239, 10.31245
49.23251, 10.31282
49.23262, 10.3131
49.23277, 10.31353
49.23292, 10.31397
49.23308, 10.3144
49.23339, 10.31525
49.23355, 10.31569
49.23379, 10.31632
49.2341, 10.31715
49.23435, 10.31782
49.23473, 10.31884
49.235, 10.31957
49.23521, 10.32011
49.23547, 10.32082
49.23558, 10.3211
49.23576, 10.3216
49.23591, 10.32203
49.23607, 10.32247
49.23629, 10.32312
49.23652, 10.32376
49.23667, 10.32422
49.23681, 10.32464
49.23695, 10.32507
49.23713, 10.32565
49.23723, 10.32596
49.23732, 10.32626
49.23739, 10.32646
49.23752, 10.3269
49.23765, 10.32734
49.23778, 10.32779
49.23789, 10.32818
49.23801, 10.32862
49.23813, 10.32906
49.23825, 10.32952
49.23831, 10.32974
49.23843, 10.33021
49.23856, 10.33073
49.23866, 10.33113
49.23877, 10.33159
49.23888, 10.3321
49.23898, 10.33253
49.23913, 10.33324
49.23927, 10.33387
49.23931, 10.33408
49.23935, 10.33431
49.23942, 10.33469
49.23957, 10.33552
49.23965, 10.33593
49.23969, 10.33617
49.23974, 10.33646
49.23981, 10.33686
49.23989, 10.33731
49.23997, 10.3378
49.24005, 10.33828
49.24013, 10.33876
49.24018, 10.33907
49.24025, 10.33952
49.24042, 10.34068
49.24046, 10.34096
49.24053, 10.34146
49.24062, 10.34213
49.24072, 10.34288
49.24081, 10.34365
49.24087, 10.34416
49.24094, 10.34482
49.241, 10.34529
49.24105, 10.34576
49.2411, 10.34625
49.24115, 10.34674
49.24117, 10.3469
49.2412, 10.34722
49.24123, 10.34746
49.24125, 10.34769
49.2413, 10.34825
49.24134, 10.34873
49.24139, 10.34923
49.24147, 10.35018
49.24149, 10.35045
49.24153, 10.35086
49.24155, 10.3511
49.24159, 10.35159
49.24162, 10.35209
49.24166, 10.35257
49.24168, 10.35286
49.24171, 10.35331
49.24173, 10.35362
49.24177, 10.35404
49.24178, 10.35428
49.2418, 10.3546
49.24185, 10.35526
49.24187, 10.35557
49.2419, 10.35607
49.24193, 10.35649
49.24196, 10.35699
49.24199, 10.35748
49.24202, 10.35798
49.24205, 10.35848
49.24208, 10.35902
49.24213, 10.35976
49.24217, 10.36053
49.2422, 10.36098
49.24222, 10.36141
49.24226, 10.3619
49.24227, 10.36221
49.2423, 10.36264
49.24232, 10.36295
49.24233, 10.36322
49.24234, 10.36344
49.24236, 10.36369
49.24236, 10.36374
49.24238, 10.3641
49.24241, 10.36459
49.24248, 10.3656
49.24249, 10.36586
49.24251, 10.36612
49.24252, 10.36632
49.24253, 10.36648
49.24259, 10.36739
49.24261, 10.36783
49.24263, 10.36824
49.24264, 10.36838
49.24264, 10.36848
49.24266, 10.36872
49.24267, 10.36898
49.24269, 10.36928
49.24272, 10.3697
49.24274, 10.37001
49.24276, 10.37026
49.24278, 10.37046
49.2428, 10.3707
49.24282, 10.37099
49.24282, 10.371
49.24285, 10.37141
49.24286, 10.37165
49.24287, 10.37173
49.24294, 10.37287
49.24298, 10.37336
49.24303, 10.37409
49.24306, 10.37458
49.2431, 10.3751
49.24317, 10.37583
49.24321, 10.37631
49.24325, 10.37679
49.24329, 10.37729
49.2433, 10.37741
49.24334, 10.37778
49.24339, 10.37826
49.24343, 10.37857
49.24346, 10.37882
49.2435, 10.37923
49.24353, 10.37947
49.24359, 10.37996
49.24362, 10.38018
49.24368, 10.38067
49.24374, 10.38115
49.24378, 10.38147
49.24384, 10.3819
49.24391, 10.38236
49.24398, 10.38284
49.24405, 10.38333
49.24413, 10.38382
49.24423, 10.38441
49.2443, 10.38478
49.24448, 10.38571
49.24458, 10.38619
49.24472, 10.38688
49.24477, 10.38702
49.24484, 10.38737
49.24489, 10.38756
49.24494, 10.38779
49.245, 10.38802
49.24506, 10.38825
49.24513, 10.38855
49.24523, 10.38893
49.24531, 10.38922
49.24537, 10.38945
49.2455, 10.38989
49.24556, 10.39012
49.24567, 10.3905
49.24576, 10.3908
49.24587, 10.39118
49.24595, 10.39143
49.24609, 10.39186
49.24632, 10.39256
49.24635, 10.39264
49.24638, 10.39275
49.24648, 10.39301
49.24671, 10.39366
49.24702, 10.39452
49.24734, 10.39537
49.24759, 10.39598
49.24768, 10.39621
49.24792, 10.39679
49.2481, 10.39724
49.24835, 10.39781
49.24862, 10.39847
49.24908, 10.39953
49.24932, 10.40009
49.2497, 10.40095
49.24993, 10.40148
49.25004, 10.40175
49.25015, 10.40201
49.2505, 10.40283
49.25065, 10.40319
49.25093, 10.40383
49.2511, 10.40426
49.25136, 10.4049
49.25153, 10.40534
49.25177, 10.40596
49.25192, 10.40638
49.25209, 10.40682
49.25222, 10.4072
49.2523, 10.40743
49.25253, 10.4081
49.25268, 10.40855
49.25289, 10.4092
49.25303, 10.40967
49.25318, 10.41014
49.25335, 10.41075
49.25349, 10.41124
49.25366, 10.41191
49.25371, 10.41212
49.25377, 10.41233
49.25401, 10.41335
49.25415, 10.41399
49.25425, 10.41443
49.25433, 10.41487
49.25438, 10.41514
49.25452, 10.41585
49.25465, 10.41657
49.25478, 10.41736
49.25491, 10.41828
49.25497, 10.41874
49.255, 10.41896
49.25503, 10.41918
49.25509, 10.4197
49.25515, 10.42025
49.25522, 10.4209
49.25527, 10.42147
49.25531, 10.42192
49.25536, 10.42267
49.25539, 10.42316
49.25543, 10.42388
49.25546, 10.42464
49.25549, 10.42562
49.2555, 10.42633
49.2555, 10.42683
49.2555, 10.42739
49.25548, 10.42854
49.25545, 10.42939
49.25543, 10.42994
49.25542, 10.43013
49.25541, 10.43033
49.25535, 10.4313
49.25532, 10.43169
49.25529, 10.432
49.2552, 10.43303
49.25511, 10.43391
49.25504, 10.43448
49.25499, 10.43494
49.25485, 10.43587
49.25482, 10.4361
49.25471, 10.4368
49.25463, 10.43728
49.25451, 10.43797
49.2544, 10.43854
49.25433, 10.43891
49.25426, 10.43927
49.25417, 10.43965
49.25413, 10.43988
49.25402, 10.44035
49.25387, 10.44102
49.25365, 10.44194
49.25345, 10.44267
49.25329, 10.44331
49.2531, 10.44398
49.25297, 10.44445
49.25278, 10.44512
49.25266, 10.44556
49.25251, 10.44607
49.25238, 10.44653
49.25219, 10.4472
49.25201, 10.44781
49.25194, 10.44805
49.25182, 10.44847
49.25171, 10.44888
49.25156, 10.44941
49.25143, 10.44987
49.2513, 10.45033
49.25116, 10.45083
49.251, 10.45146
49.25088, 10.45191
49.25075, 10.45243
49.2506, 10.45306
49.25048, 10.45356
49.25038, 10.45401
49.25028, 10.45445
49.25008, 10.45546
49.25, 10.45588
49.24992, 10.45636
49.24988, 10.45659
49.24983, 10.45685
49.24976, 10.45732
49.24968, 10.4578
49.24961, 10.45829
49.24955, 10.45875
49.2495, 10.45925
49.24947, 10.4595
49.24942, 10.45996
49.24937, 10.46048
49.24933, 10.46094
49.24927, 10.46167
49.24923, 10.46219
49.24921, 10.46269
49.24918, 10.4631
49.24918, 10.46334
49.24917, 10.46358
49.24915, 10.46415
49.24914, 10.46538
49.24914, 10.4657
49.24915, 10.46602
49.24916, 10.46666
49.24918, 10.4672
49.24922, 10.46809
49.24925, 10.46855
49.24929, 10.46905
49.24933, 10.46955
49.24937, 10.47006
49.24941, 10.47052
49.24946, 10.47098
49.24949, 10.47125
49.24952, 10.47148
49.24955, 10.47171
49.24961, 10.47222
49.24968, 10.4727
49.24972, 10.47297
49.24974, 10.47312
49.24979, 10.47346
49.24986, 10.47391
49.2499, 10.47418
49.24994, 10.47444
49.25002, 10.47485
49.25006, 10.47509
49.25011, 10.47534
49.25016, 10.47559
49.25021, 10.47585
49.2503, 10.47629
49.25041, 10.47676
49.2505, 10.47718
49.25057, 10.4775
49.25068, 10.47795
49.25078, 10.47837
49.25084, 10.47861
49.25091, 10.47888
49.25105, 10.47939
49.25115, 10.47976
49.25126, 10.48018
49.2514, 10.4807
49.25142, 10.48076
49.25167, 10.48161
49.25178, 10.48197
49.25192, 10.48244
49.25206, 10.48288
49.25214, 10.48314
49.25229, 10.48358
49.25244, 10.48399
49.25256, 10.48435
49.25265, 10.48463
49.25274, 10.48489
49.25283, 10.48514
49.25297, 10.48553
49.25305, 10.48576
49.2532, 10.48616
49.25328, 10.48637
49.25345, 10.48683
49.25355, 10.48709
49.25372, 10.48751
49.25388, 10.4879
49.25404, 10.48828
49.25414, 10.48853
49.2543, 10.48893
49.25447, 10.48934
49.25466, 10.48978
49.25485, 10.49021
49.25503, 10.49062
49.2552, 10.49101
49.25538, 10.49141
49.25549, 10.49166
49.25567, 10.49203
49.25583, 10.4924
49.25595, 10.49266
49.25614, 10.49307
49.25622, 10.49325
49.25631, 10.49344
49.25641, 10.49367
49.25649, 10.49383
49.25658, 10.49404
49.25668, 10.49424
49.25695, 10.49483
49.25707, 10.49507
49.25724, 10.49543
49.25734, 10.49567
49.25753, 10.49607
49.2577, 10.49645
49.25783, 10.49672
49.258, 10.49709
49.25819, 10.49752
49.25847, 10.49815
49.25873, 10.49875
49.25899, 10.49936
49.25925, 10.49997
49.25942, 10.50039
49.25959, 10.50082
49.25981, 10.50137
49.25999, 10.50184
49.26022, 10.50246
49.26051, 10.50325
49.26055, 10.50336
49.26056, 10.50337
49.26058, 10.50342
49.26064, 10.50359
49.2608, 10.50403
49.26121, 10.50523
49.26144, 10.50594
49.26171, 10.50678
49.26186, 10.50726
49.26212, 10.50811
49.26225, 10.50854
49.2623, 10.50871
49.26247, 10.50932
49.26256, 10.50966
49.26268, 10.5101
49.26297, 10.51127
49.26321, 10.51228
49.26346, 10.51342
49.26356, 10.51389
49.26371, 10.51471
49.26383, 10.51539
49.2639, 10.51583
49.26396, 10.51623
49.26403, 10.51677
49.26411, 10.51731
49.26422, 10.51829
49.26424, 10.51858
49.26435, 10.51975
49.26441, 10.52079
49.26444, 10.5214
49.26445, 10.52189
49.26446, 10.52246
49.26446, 10.52291
49.26446, 10.52334
49.26445, 10.52394
49.26442, 10.52463
49.2644, 10.5251
49.26437, 10.52559
49.26435, 10.52582
49.26433, 10.52612
49.26429, 10.5266
49.26426, 10.52686
49.26419, 10.52757
49.26413, 10.52805
49.26406, 10.52859
49.26397, 10.52918
49.26392, 10.52949
49.2638, 10.53016
49.26369, 10.53073
49.26358, 10.53129
49.26334, 10.53247
49.26318, 10.53317
49.26308, 10.53361
49.26274, 10.53498
49.26232, 10.53656
49.26188, 10.53815
49.26157, 10.53928
49.26106, 10.5411
49.26092, 10.5416
49.26062, 10.54266
49.26043, 10.54338
49.26024, 10.54412
49.25988, 10.54563
49.25977, 10.54614
49.25967, 10.54662
49.25955, 10.54719
49.25942, 10.54782
49.2592, 10.54903
49.25909, 10.54963
49.25894, 10.55059
49.25873, 10.55206
49.25863, 10.5528
49.25857, 10.55327
49.25851, 10.55371
49.25841, 10.55464
49.25835, 10.55521
49.25829, 10.55593
49.25822, 10.55666
49.25817, 10.5573
49.2581, 10.55835
49.25803, 10.55957
49.258, 10.56039
49.25799, 10.56074
49.25798, 10.56107
49.25797, 10.56139
49.25795, 10.56198
49.25794, 10.56275
49.25794, 10.56371
49.25794, 10.56388
49.25794, 10.56399
49.25795, 10.56518
49.25796, 10.56566
49.25799, 10.56711
49.258, 10.56771
49.25802, 10.56813
49.25803, 10.56861
49.25805, 10.56908
49.25807, 10.56984
49.25811, 10.5713
49.25812, 10.57182
49.25813, 10.57201
49.25814, 10.57219
49.25816, 10.57344
49.25818, 10.57473
49.25818, 10.57636
49.25815, 10.5777
49.25812, 10.5787
49.25808, 10.57964
49.25802, 10.58067
49.25798, 10.58116
49.2579, 10.58207
49.25789, 10.58224
49.25788, 10.58241
49.25783, 10.58298
49.25765, 10.58485
49.25757, 10.58556
49.25747, 10.58631
49.25739, 10.58696
49.25727, 10.58778
49.25715, 10.58854
49.25707, 10.58901
49.25701, 10.58934
49.25694, 10.58978
49.2567, 10.59108
49.25649, 10.59215
49.25635, 10.59278
49.25614, 10.5937
49.25592, 10.59463
49.25541, 10.59663
49.25525, 10.59717
49.2552, 10.59735
49.25515, 10.59752
49.25514, 10.59756
49.25482, 10.59866
49.25468, 10.59914
49.2544, 10.60004
49.25407, 10.60111
49.25296, 10.60461
49.25246, 10.60627
49.25228, 10.60693
49.25219, 10.60722
49.25202, 10.60788
49.25193, 10.6082
49.25191, 10.60828
49.25169, 10.60914
49.25151, 10.60987
49.2513, 10.61081
49.25115, 10.61148
49.25096, 10.61244
49.25082, 10.61318
49.2507, 10.61385
49.25053, 10.61487
49.2504, 10.61576
49.25023, 10.61704
49.25009, 10.61825
49.24996, 10.61949
49.24991, 10.62007
49.24988, 10.62042
49.24986, 10.62076
49.24981, 10.62146
49.24976, 10.62224
49.24972, 10.62294
49.2497, 10.62366
49.24968, 10.62421
49.24967, 10.62461
49.24966, 10.62487
49.24966, 10.62513
49.24965, 10.62577
49.24965, 10.62713
49.24966, 10.62761
49.24966, 10.62796
49.24968, 10.62847
49.2497, 10.62915
49.24976, 10.63035
49.24983, 10.63146
49.24985, 10.63175
49.24987, 10.63203
49.24992, 10.63265
49.24999, 10.63346
49.25008, 10.63423
49.25019, 10.63524
49.25029, 10.636
49.25043, 10.63696
49.25057, 10.63788
49.25069, 10.63861
49.25087, 10.63964
49.25107, 10.64068
49.25128, 10.6417
49.2515, 10.64269
49.25167, 10.64341
49.25188, 10.64419
49.25213, 10.64514
49.25238, 10.64602
49.25266, 10.64697
49.25299, 10.64802
49.25349, 10.64958
49.2539, 10.65082
49.25423, 10.65179
49.25453, 10.65267
49.25483, 10.65355
49.25512, 10.65441
49.25541, 10.65532
49.2557, 10.65621
49.25604, 10.6573
49.2564, 10.65846
49.25673, 10.65958
49.25675, 10.65965
49.2571, 10.66089
49.25732, 10.66168
49.2576, 10.66278
49.25784, 10.66369
49.25796, 10.66423
49.25813, 10.66496
49.25828, 10.6656
49.25859, 10.66701
49.25886, 10.66826
49.25918, 10.66976
49.25965, 10.67202
49.2597, 10.67227
49.25975, 10.67251
49.25976, 10.67258
49.26055, 10.67635
49.26074, 10.67723
49.261, 10.6784
49.26125, 10.6795
49.26153, 10.68063
49.26167, 10.68119
49.26196, 10.68232
49.26219, 10.68323
49.26239, 10.68396
49.26282, 10.68551
49.26288, 10.68569
49.2633, 10.68712
49.26336, 10.68732
49.26336, 10.68734
49.26344, 10.68757
49.26354, 10.68792
49.26412, 10.68977
49.26445, 10.69078
49.26466, 10.6914
49.26515, 10.69282
49.2655, 10.69382
49.266, 10.69515
49.2664, 10.69619
49.26684, 10.69729
49.26732, 10.69849
49.26765, 10.69927
49.26779, 10.69962
49.26798, 10.70007
49.26826, 10.7007
49.26856, 10.70138
49.2689, 10.70213
49.26921, 10.70281
49.26959, 10.70361
49.26989, 10.70423
49.27023, 10.70495
49.27053, 10.70554
49.27095, 10.70637
49.27134, 10.70712
49.27175, 10.70789
49.27218, 10.70867
49.2725, 10.70927
49.27292, 10.71
49.27322, 10.71051
49.27379, 10.71146
49.27422, 10.71218
49.27475, 10.71304
49.2752, 10.71377
49.27546, 10.71418
49.27619, 10.71529
49.27634, 10.71552
49.2765, 10.71575
49.27743, 10.71712
49.27759, 10.71735
49.27775, 10.71758
49.27797, 10.71789
49.27871, 10.71892
49.27932, 10.71975
49.27952, 10.72
49.27966, 10.72019
49.27981, 10.72038
49.28013, 10.7208
49.28104, 10.72197
49.28143, 10.72245
49.28185, 10.72298
49.28218, 10.72337
49.28257, 10.72383
49.28308, 10.72441
49.28323, 10.72458
49.28338, 10.72474
49.28375, 10.72516
49.28475, 10.72632
49.28504, 10.72667
49.28589, 10.72771
49.28615, 10.72804
49.28651, 10.7285
49.28683, 10.7289
49.28695, 10.72908
49.28778, 10.73013
49.288, 10.73041
49.28826, 10.73075
49.28864, 10.73124
49.28899, 10.73172
49.28936, 10.73221
49.28983, 10.73286
49.29019, 10.73336
49.29044, 10.73372
49.29079, 10.73422
49.29125, 10.7349
49.29159, 10.73541
49.29192, 10.73591
49.29231, 10.73652
49.29273, 10.73717
49.29318, 10.73789
49.29353, 10.73845
49.29377, 10.73885
49.29391, 10.73907
49.29404, 10.73929
49.2946, 10.74025
49.29492, 10.74081
49.29515, 10.74121
49.2954, 10.74167
49.29573, 10.74226
49.29609, 10.74293
49.29639, 10.7435
49.29669, 10.74406
49.29697, 10.7446
49.29723, 10.74512
49.29741, 10.74548
49.29748, 10.74565
49.29754, 10.74578
49.29804, 10.74681
49.2985, 10.74775
49.2986, 10.74795
49.2987, 10.74816
49.29909, 10.74897
49.29932, 10.74949
49.29954, 10.74997
49.29983, 10.75064
49.30026, 10.75164
49.30035, 10.75186
49.30044, 10.75207
49.3007, 10.75269
49.30095, 10.75331
49.30122, 10.75398
49.30146, 10.75462
49.3017, 10.75524
49.30217, 10.75654
49.30262, 10.75783
49.30297, 10.75888
49.30317, 10.75955
49.30338, 10.76024
49.30384, 10.76196
49.30407, 10.76286
49.3042, 10.76336
49.30429, 10.76375
49.30445, 10.76445
49.30455, 10.76492
49.30464, 10.76534
49.30477, 10.76597
49.3049, 10.76667
49.30506, 10.76758
49.30511, 10.76788
49.30519, 10.76839
49.3053, 10.76915
49.3054, 10.7699
49.30548, 10.77057
49.30553, 10.77108
49.3056, 10.77185
49.30563, 10.77233
49.30568, 10.77306
49.30571, 10.77373
49.30574, 10.77441
49.30575, 10.77473
49.30575, 10.77504
49.30576, 10.77577
49.30576, 10.77651
49.30576, 10.77699
49.30575, 10.77746
49.30573, 10.77803
49.30571, 10.77874
49.30568, 10.77948
49.30564, 10.78019
49.30559, 10.78096
49.30554, 10.78168
49.30549, 10.78237
49.30526, 10.78532
49.30503, 10.78836
49.30495, 10.78978
49.3049, 10.79072
49.30488, 10.79126
49.30485, 10.79221
49.30484, 10.79259
49.30484, 10.79279
49.30484, 10.79299
49.30482, 10.79369
49.30482, 10.79424
49.30482, 10.7949
49.30483, 10.79558
49.30483, 10.79586
49.30484, 10.79615
49.30485, 10.79694
49.30489, 10.79837
49.30492, 10.7991
49.30497, 10.80008
49.30501, 10.80083
49.30507, 10.80182
49.30511, 10.80252
49.30518, 10.80353
49.30528, 10.80476
49.30534, 10.80543
49.30544, 10.80643
49.30551, 10.80714
49.30554, 10.80738
49.30556, 10.80761
49.30568, 10.80861
49.30577, 10.80933
49.30589, 10.81025
49.30606, 10.8115
49.30616, 10.81219
49.30631, 10.81317
49.30643, 10.81392
49.30659, 10.81486
49.3067, 10.81554
49.30689, 10.81655
49.30702, 10.81722
49.30721, 10.81819
49.30735, 10.81885
49.30756, 10.8198
49.30768, 10.82031
49.30778, 10.82072
49.30784, 10.82097
49.30826, 10.82263
49.30848, 10.82341
49.30873, 10.82432
49.309, 10.82523
49.3092, 10.82587
49.30937, 10.82642
49.30965, 10.82725
49.31016, 10.82874
49.31038, 10.82937
49.3109, 10.8309
49.31111, 10.83153
49.31128, 10.83205
49.31158, 10.83293
49.31181, 10.83361
49.31208, 10.83443
49.31236, 10.83533
49.31264, 10.83627
49.31286, 10.83708
49.31292, 10.83731
49.31299, 10.83755
49.31325, 10.83859
49.31341, 10.83925
49.31363, 10.84016
49.31379, 10.8409
49.31403, 10.84203
49.31422, 10.84298
49.31444, 10.84417
49.31448, 10.8444
49.31452, 10.84462
49.31461, 10.84516
49.31473, 10.84594
49.31488, 10.8469
49.31497, 10.84761
49.31502, 10.84801
49.31513, 10.84892
49.31523, 10.84978
49.31529, 10.85044
49.31536, 10.85111
49.31545, 10.85214
49.31554, 10.85332
49.3156, 10.85433
49.31567, 10.85533
49.31573, 10.8563
49.31577, 10.85707
49.31584, 10.85859
49.31589, 10.85958
49.3159, 10.85984
49.31591, 10.86011
49.31596, 10.86171
49.316, 10.86328
49.31601, 10.86423
49.31603, 10.86528
49.31604, 10.86643
49.31604, 10.86843
49.31604, 10.8692
49.31603, 10.87009
49.31601, 10.87137
49.31599, 10.87257
49.31595, 10.87379
49.31593, 10.87449
49.31591, 10.87509
49.31586, 10.87637
49.3158, 10.87785
49.31574, 10.87883
49.3157, 10.87968
49.31562, 10.8809
49.31554, 10.88193
49.31554, 10.88199
49.31553, 10.88216
49.31553, 10.88221
49.31551, 10.88244
49.31537, 10.88407
49.31528, 10.88499
49.31516, 10.88614
49.31508, 10.8869
49.31499, 10.8876
49.31475, 10.88936
49.31452, 10.89082
49.31436, 10.89171
49.31418, 10.89269
49.31387, 10.89427
49.31349, 10.89593
49.31321, 10.89705
49.31297, 10.898
49.31265, 10.89917
49.31225, 10.90051
49.31184, 10.90181
49.31148, 10.9029
49.31125, 10.90357
49.31086, 10.90462
49.31036, 10.90588
49.30941, 10.90816
49.30919, 10.90866
49.30868, 10.90982
49.30844, 10.91036
49.30795, 10.91145
49.30751, 10.91246
49.30736, 10.91279
49.30707, 10.91349
49.30669, 10.91439
49.30662, 10.91457
49.30613, 10.91578
49.3059, 10.91639
49.30566, 10.91705
49.30534, 10.91795
49.30505, 10.91883
49.30492, 10.91925
49.30479, 10.91968
49.30452, 10.92062
49.3044, 10.92108
49.30428, 10.92154
49.30417, 10.92198
49.30412, 10.92222
49.30387, 10.92335
49.30369, 10.92427
49.30354, 10.92508
49.3034, 10.92596
49.30336, 10.9262
49.30325, 10.92695
49.30321, 10.92728
49.30316, 10.92763
49.30316, 10.92769
49.30309, 10.92827
49.30306, 10.92851
49.30295, 10.92961
49.30283, 10.93104
49.3028, 10.93155
49.30275, 10.93249
49.30273, 10.93298
49.30268, 10.93402
49.30264, 10.93526
49.30262, 10.93648
49.3026, 10.9377
49.3026, 10.93888
49.30262, 10.9397
49.30265, 10.94115
49.30268, 10.94216
49.30274, 10.94332
49.3028, 10.9445
49.30286, 10.94532
49.30292, 10.94607
49.30295, 10.94654
49.30305, 10.94765
49.30311, 10.94826
49.30318, 10.94895
49.30336, 10.9505
49.30356, 10.95205
49.30363, 10.95254
49.3037, 10.95304
49.30385, 10.954
49.30396, 10.95468
49.30405, 10.95521
49.30415, 10.9558
49.30425, 10.95636
49.30436, 10.95694
49.30445, 10.95743
49.30461, 10.95826
49.30479, 10.95912
49.30491, 10.9597
49.30539, 10.96179
49.30568, 10.96301
49.30596, 10.96416
49.30617, 10.96501
49.30634, 10.9657
49.30644, 10.96606
49.30664, 10.96685
49.3068, 10.9675
49.30684, 10.96766
49.30694, 10.96801
49.30734, 10.96966
49.30748, 10.97024
49.30793, 10.97213
49.30805, 10.97268
49.30814, 10.9731
49.30827, 10.97374
49.30846, 10.97471
49.30867, 10.97577
49.30883, 10.97671
49.30892, 10.97718
49.3091, 10.97833
49.30921, 10.97902
49.30928, 10.97949
49.30945, 10.98074
49.30951, 10.98122
49.30959, 10.98183
49.30975, 10.98327
49.30979, 10.98363
49.30984, 10.98412
49.30991, 10.98485
49.30995, 10.98533
49.31, 10.98582
49.31004, 10.98635
49.31009, 10.98702
49.31013, 10.98765
49.31016, 10.98823
49.31018, 10.98854
49.31021, 10.9891
49.31024, 10.98966
49.31027, 10.99041
49.31029, 10.99114
49.31031, 10.99171
49.31032, 10.99213
49.31033, 10.99263
49.31034, 10.99337
49.31034, 10.99469
49.31034, 10.99565
49.31031, 10.99683
49.31029, 10.99755
49.31025, 10.99867
49.31023, 10.99924
49.3102, 10.99985
49.31017, 11.00045
49.31001, 11.00316
49.30982, 11.00624
49.3098, 11.00671
49.30977, 11.00746
49.30973, 11.00845
49.30971, 11.00899
49.3097, 11.00968
49.30969, 11.01024
49.30969, 11.01129
49.3097, 11.01204
49.30971, 11.0125
49.30973, 11.01303
49.30974, 11.01328
49.30974, 11.01347
49.30974, 11.01348
49.30975, 11.01368
49.30979, 11.01428
49.30982, 11.01478
49.30986, 11.01526
49.30989, 11.01558
49.30992, 11.01579
49.30997, 11.0163
49.31006, 11.017
49.31016, 11.01773
49.31027, 11.01844
49.31032, 11.01869
49.3104, 11.01917
49.3105, 11.01965
49.3106, 11.02016
49.31075, 11.02083
49.31087, 11.02132
49.31097, 11.02176
49.31116, 11.02249
49.31128, 11.0229
49.31147, 11.02359
49.31162, 11.02406
49.31175, 11.02449
49.3119, 11.02495
49.31211, 11.02559
49.31233, 11.02623
49.31242, 11.02648
49.31257, 11.02692
49.31288, 11.02775
49.31321, 11.02862
49.31359, 11.02958
49.31387, 11.03028
49.31409, 11.03081
49.31442, 11.03158
49.3146, 11.03201
49.31478, 11.03243
49.31521, 11.03342
49.31549, 11.03406
49.31577, 11.03469
49.31604, 11.03528
49.31658, 11.03647
49.31679, 11.03691
49.31735, 11.03812
49.31753, 11.03851
49.31762, 11.03871
49.31769, 11.03884
49.31778, 11.03902
49.31793, 11.03934
49.31821, 11.03989
49.31861, 11.0407
49.31912, 11.04168
49.31941, 11.04224
49.31972, 11.04282
49.32006, 11.04342
49.32025, 11.04374
49.32056, 11.04426
49.3208, 11.04463
49.32089, 11.04476
49.32104, 11.045
49.32114, 11.04515
49.32141, 11.04553
49.3215, 11.04566
49.32163, 11.04584
49.32189, 11.04619
49.32214, 11.04651
49.32283, 11.04738
49.32326, 11.04793
49.3239, 11.04872
49.32398, 11.04883
49.324, 11.04885
49.32407, 11.04894
49.32437, 11.04931
49.32463, 11.04963
49.32464, 11.04965
49.32542, 11.05063
49.32626, 11.05167
49.32688, 11.05246
49.32739, 11.05312
49.32778, 11.05363
49.3286, 11.0547
49.3288, 11.05494
49.32947, 11.05578
49.32956, 11.0559
49.32966, 11.05601
49.32991, 11.05633
49.33033, 11.05688
49.33049, 11.05707
49.33061, 11.05724
49.33081, 11.05749
49.33111, 11.05789
49.33147, 11.05835
49.33188, 11.05888
49.33223, 11.05933
49.33283, 11.06007
49.3332, 11.06058
49.33341, 11.06087
49.33359, 11.06113
49.33377, 11.06138
49.3341, 11.0619
49.33465, 11.06279
49.33492, 11.06322
49.33532, 11.06384
49.33562, 11.06433
49.33606, 11.06505
49.33638, 11.06561
49.3366, 11.06599
49.33681, 11.06634
49.3369, 11.06651
49.33698, 11.06665
49.33707, 11.0668
49.33718, 11.06701
49.3373, 11.06721
49.33818, 11.06879
49.33823, 11.06886
49.33837, 11.06912
49.33865, 11.06963
49.33896, 11.07022
49.33926, 11.07081
49.33983, 11.07198
49.34014, 11.07266
49.34025, 11.07289
49.34039, 11.07319
49.34062, 11.07374
49.34081, 11.0742
49.34092, 11.07449
49.34106, 11.07482
49.34129, 11.07543
49.34154, 11.07612
49.34171, 11.0766
49.34199, 11.07742
49.3421, 11.07775
49.34213, 11.07785
49.34221, 11.07807
49.34236, 11.07851
49.34243, 11.07873
49.34249, 11.07889
49.34252, 11.07899
49.34257, 11.07912
49.34288, 11.08001
49.34302, 11.08042
49.34318, 11.08088
49.34339, 11.0815
49.34349, 11.08179
49.34354, 11.08195
49.34362, 11.08217
49.3437, 11.08242
49.34377, 11.08261
49.34385, 11.08283
49.34407, 11.0835
49.34436, 11.08434
49.34474, 11.08544
49.3451, 11.0865
49.34519, 11.08676
49.34548, 11.08759
49.34569, 11.0882
49.34652, 11.09065
49.34695, 11.0919
49.34711, 11.09236
49.34735, 11.09304
49.34757, 11.09369
49.3477, 11.09407
49.34801, 11.09498
49.34809, 11.09521
49.34839, 11.09609
49.34853, 11.09649
49.34861, 11.09672
49.34869, 11.09693
49.34876, 11.09713
49.34886, 11.09739
49.34902, 11.0978
49.34918, 11.0982
49.34935, 11.09862
49.34945, 11.09886
49.34972, 11.09946
49.35003, 11.10012
49.3502, 11.10048
49.35037, 11.10083
49.35058, 11.10125
49.35077, 11.10162
49.35098, 11.10201
49.35108, 11.1022
49.35129, 11.10257
49.35138, 11.10273
49.35149, 11.10292
49.35172, 11.1033
49.35182, 11.10348
49.35216, 11.10402
49.35237, 11.10434
49.35261, 11.1047
49.35273, 11.10488
49.35285, 11.10506
49.35306, 11.10536
49.35322, 11.10557
49.35343, 11.10586
49.35356, 11.10604
49.3538, 11.10635
49.35405, 11.10666
49.35429, 11.10695
49.35443, 11.10713
49.35451, 11.10722
49.35482, 11.10758
49.35507, 11.10786
49.35679, 11.10975
49.3577, 11.11073
49.35861, 11.11171
49.35914, 11.1123
49.35951, 11.11271
49.35979, 11.11303
49.35993, 11.1132
49.36003, 11.11331
49.36015, 11.11346
49.36028, 11.11361
49.36039, 11.11374
49.36043, 11.11379
49.36055, 11.11394
49.36069, 11.1141
49.3608, 11.11425
49.36105, 11.11455
49.36119, 11.11474
49.36144, 11.11506
49.36181, 11.11553
49.36205, 11.11584
49.36231, 11.11617
49.36241, 11.1163
49.36252, 11.11644
49.36257, 11.11651
49.36264, 11.1166
49.36273, 11.1167
49.36475, 11.1193
49.36501, 11.11963
49.36563, 11.12042
49.36625, 11.12121
49.3671, 11.1223
49.36754, 11.12287
49.36785, 11.12326
49.3682, 11.12371
49.36827, 11.12379
49.36872, 11.12437
49.3691, 11.12486
49.36934, 11.12516
49.36972, 11.12563
49.37009, 11.12611
49.37031, 11.1264
49.37051, 11.12666
49.37104, 11.12732
49.37165, 11.1281
49.37165, 11.1281
49.37172, 11.12829
49.37182, 11.12843
49.37199, 11.12867
49.37226, 11.12905
49.3725, 11.12939
49.37282, 11.12985
49.37306, 11.13021
49.37317, 11.13038
49.37317, 11.13039
49.37332, 11.1306
49.37341, 11.13076
49.37353, 11.13096
49.37365, 11.13118
49.37383, 11.13153
49.37404, 11.13197
49.37414, 11.13219
49.37422, 11.13235
49.37445, 11.13294
49.37461, 11.13337
49.37476, 11.1338
49.37484, 11.13405
49.37486, 11.13414
49.3749, 11.13428
49.37497, 11.13449
49.37502, 11.1347
49.37509, 11.13495
49.37519, 11.13539
49.37529, 11.13583
49.37544, 11.13654
49.37549, 11.1368
49.37558, 11.13722
49.37565, 11.13749
49.37571, 11.13771
49.37578, 11.13793
49.37584, 11.13812
49.37594, 11.13837
49.37603, 11.13858
49.37615, 11.13879
49.37628, 11.13899
49.37637, 11.13911
49.37648, 11.13926
49.37658, 11.13937
49.37675, 11.13954
49.37689, 11.13964
49.37705, 11.13975
49.37736, 11.13989
49.37765, 11.13996
49.37781, 11.13998
49.37801, 11.13997
49.37815, 11.13995
49.3783, 11.13992
49.37845, 11.13987
49.37861, 11.1398
49.37875, 11.13971
49.37895, 11.13955
49.37903, 11.13947
49.37918, 11.13933
49.3793, 11.13918
49.37943, 11.13901
49.37954, 11.13882
49.37963, 11.13866
49.37974, 11.13842
49.37983, 11.13818
49.3799, 11.13796
49.37996, 11.13772
49.37999, 11.13757
49.37999, 11.13754
49.38004, 11.13729
49.38007, 11.13703
49.3801, 11.13678
49.38012, 11.13656
49.38013, 11.13633
49.38014, 11.13618
49.38018, 11.13543
49.38019, 11.13512
49.38022, 11.13473
49.38023, 11.13458
49.38026, 11.13434
49.38029, 11.13411
49.38034, 11.13383
49.38045, 11.13334
49.38052, 11.1331
49.38057, 11.13292
49.38062, 11.1328
49.38066, 11.13268
49.38074, 11.13246
49.38084, 11.13224
49.38093, 11.13204
49.38104, 11.13184
49.38111, 11.13171
49.38122, 11.13153
49.38156, 11.13101
49.38183, 11.1306
49.38218, 11.13005
49.38253, 11.12951
49.38285, 11.129
49.38307, 11.12867
49.38328, 11.12833
49.3834, 11.12815
49.38354, 11.12789
49.38361, 11.12765
49.3845, 11.12632
49.3851, 11.12545
49.38526, 11.12523
49.38541, 11.12501
49.38577, 11.12451
49.3862, 11.12393
49.38656, 11.12345
49.38695, 11.12296
49.38713, 11.12273
49.38756, 11.12219
49.38804, 11.12159
49.38852, 11.12099
49.38912, 11.12026
49.38952, 11.11978
49.39002, 11.11914
49.39011, 11.11902
49.39011, 11.11902
49.39029, 11.11889
49.39049, 11.11871
49.39057, 11.11865
49.39068, 11.11856
49.39074, 11.11852
49.39083, 11.11847
49.39092, 11.11843
49.39105, 11.11839
49.39113, 11.11838
49.39119, 11.11838
49.39125, 11.11838
49.39132, 11.11839
49.39138, 11.11839
49.39145, 11.1184
49.39151, 11.11841
49.39159, 11.11841
49.39171, 11.11841
49.39183, 11.11839
49.39195, 11.11835
49.39208, 11.11827
49.39219, 11.11819
49.39228, 11.11811
49.39239, 11.11801
49.39243, 11.11795
49.39249, 11.11787
49.39262, 11.11767
49.39276, 11.11741
49.39283, 11.11731
49.39287, 11.11725
49.39292, 11.1172
49.39296, 11.11717
49.39302, 11.11714
49.39309, 11.11711
49.39315, 11.1171
49.39326, 11.11707
49.39336, 11.11704
49.39364, 11.11706
49.39387, 11.11708
49.39413, 11.11706
49.39436, 11.11703
49.39456, 11.117
49.39497, 11.11693
49.39514, 11.11689
49.39531, 11.11685
49.39551, 11.11681
49.39576, 11.11675
49.39605, 11.11669
49.39615, 11.11667
49.39636, 11.11663
49.39667, 11.11656
49.39761, 11.11635
49.39797, 11.11627
49.39806, 11.11625
49.39848, 11.11616
49.39892, 11.11606
49.39937, 11.11596
49.39988, 11.11585
49.40001, 11.11582
49.40026, 11.11577
49.40082, 11.11564
49.4023, 11.11536
49.40275, 11.11525
49.40301, 11.1152
49.40359, 11.11507
49.4038, 11.11503
49.40449, 11.11489
49.40511, 11.11472
49.40543, 11.11463
49.40554, 11.1146
49.40572, 11.11455
49.40587, 11.11452
49.40607, 11.11448
49.40657, 11.11436
49.40754, 11.11414
49.40761, 11.11412
49.40797, 11.11404
49.40923, 11.11379
49.40941, 11.11375
49.41029, 11.11357
49.41133, 11.11334
49.41147, 11.11331
49.41206, 11.11319
49.41206, 11.11319
49.41218, 11.11322
49.41226, 11.11325
49.41233, 11.11329
49.41241, 11.11345
49.41248, 11.11359
49.41252, 11.11367
49.41256, 11.1139
49.41277, 11.1145
49.41287, 11.11479
49.41302, 11.11519
49.41304, 11.11524
49.41305, 11.11526
49.41308, 11.11533
49.41333, 11.11591
49.4135, 11.1163
49.41363, 11.1166
49.41419, 11.1179
49.41422, 11.11796
49.41427, 11.11804
49.41446, 11.11843
49.41448, 11.11847
49.41454, 11.11857
49.41455, 11.1186
49.41461, 11.11871
49.41463, 11.11874
49.41467, 11.11883
49.41471, 11.11891
49.41472, 11.11893
49.41478, 11.11906
49.41484, 11.11916
49.41484, 11.11916
49.41494, 11.11898
49.41501, 11.11889
49.41532, 11.11846
49.41533, 11.11845
49.41561, 11.11795
49.41582, 11.11737
49.41595, 11.11687
49.41598, 11.11676
49.41601, 11.11659
49.41606, 11.11641
49.4161, 11.1162
49.41611, 11.11595
49.41617, 11.11538
49.41615, 11.11475
49.41614, 11.11443